0 77
0,01065254 77
0,02052414 78
0,03248382 78
0,04255056 79
0,05199122 79
0,06223655 80
0,07211852 80
0,08331382 81
0,09457052 81
0,1044297 82
0,1148752 82
0,1251835 83
0,1349024 83
0,1443926 84
0,1533266 84
0,1636841 83
0,1742575 83
0,1873518 82
0,1982664 82
0,2080091 81
0,2166107 81
0,2251877 80
0,2335814 80
0,2423929 79
0,2513005 79
0,2600898 78
0,2685443 78
0,2773502 77
0,2858334 77
0,2950444 76
0,3036464 76
0,3131913 75
0,3227217 75
0,3316031 74
0,3410224 74
0,3495219 73
0,3580396 73
0,3666295 74
0,3756008 74
0,3840991 75
0,3935882 75
0,4023378 76
0,4141719 76
0,4232476 77
0,4321431 77
0,4411274 78
0,4495704 78
0,4591599 79
0,4680762 79
0,4776988 80
0,4871558 80
0,4969722 81
0,5072526 81
0,5164895 82
0,5260621 82
0,5347123 83
0,5439199 83
0,5523962 82
0,5610554 82
0,5702045 83
0,5795407 83
0,5889416 82
0,5992019 82
0,6079828 83
0,6194683 83
0,6282787 82
0,6369227 82
0,646507 83
0,6554413 83
0,6643404 84
0,6734341 84
0,6821269 83
0,6912667 83
0,6998322 82
0,7099276 82
0,7194645 81
0,7283568 81
0,736521 82
0,745528 82
0,7540684 83
0,7632883 83
0,7719045 84
0,7806454 84
0,7900665 83
0,7985916 83
0,8080463 84
0,817255 84
0,8257918 83
0,8356786 83
0,8450053 82
0,8543971 81
0,863626 81
0,8727055 82
0,8816261 81
0,8908737 81
0,8992026 82
0,9114652 82
0,9199121 81
0,9290764 81
0,937325 80
0,9463382 80
0,9569128 79
0,9674509 79
0,9775732 78
0,9872968 78
0,9974163 77
1,007549 77
1,017916 76
1,028651 76
1,037926 75
1,047984 75
1,057583 74
1,067086 73
1,076206 73
1,085711 74
1,095862 74
1,104914 73
1,114141 73
1,122874 72
1,131497 72
1,141706 71
1,150904 71
1,160162 70
1,169085 70
1,179234 69
1,188409 69
1,198344 68
1,21029 68
1,223741 67
1,232156 67
1,241349 66
1,249894 66
1,25894 65
1,267808 65
1,276751 64
1,287862 64
1,29763 63
1,307555 63
1,31687 62
1,326417 62
1,336508 61
1,346133 61
1,355341 60
1,364146 60
1,373337 59
1,382157 59
1,391694 58
1,400158 58
1,409705 57
1,418026 57
1,427039 56
1,43551 56
1,444527 55
1,453261 55
1,462516 54
1,471688 54
1,480003 53
1,488781 53
1,498168 52
1,507738 52
1,516535 51
1,525986 51
1,535679 50
1,548529 50
1,558657 49
1,568092 49
1,577214 48
1,587388 48
1,597648 47
1,606914 47
1,61536 46
1,624593 46
1,632783 45
1,641553 45
1,650059 44
1,659088 44
1,667616 43
1,676154 43
1,68435 42
1,693712 42
1,702369 43
1,712749 43
1,722807 44
1,731749 44
1,740889 45
1,75038 45
1,75932 46
1,768471 46
1,777642 47
1,786408 47
1,79901 48
1,809271 48
1,817652 49
1,826545 49
1,835441 50
1,845002 50
1,853424 51
1,862107 50
1,87053 50
1,879682 50
1,888291 49
1,897497 49
1,906723 50
1,915602 50
1,924472 51
1,933008 51
1,941907 52
1,950677 52
1,961001 53
1,969682 53
1,978348 54
1,986831 54
1,995603 55
2,004472 55
2,014363 56
2,02376 56
2,032782 57
2,042123 57
2,054459 58
2,06382 58
2,074318 57
2,083941 56
2,0933 56
2,101982 55
2,110704 55
2,119217 56
2,128515 56
2,136968 57
2,145797 57
2,155252 56
2,164749 56
2,17501 55
2,183806 55
2,193137 56
2,2013 56
2,210985 55
2,219715 55
2,228947 54
2,23722 54
2,245841 53
2,254397 53
2,2634 54
2,271666 54
2,281286 53
2,291316 53
2,300929 52
2,310385 52
2,322171 51
2,331848 51
2,341716 50
2,350783 50
2,359831 49
2,368733 49
2,377315 48
2,385746 48
2,395107 47
2,40854 47
2,417469 46
2,426233 46
2,435036 45
2,443865 45
2,452463 44
2,462045 44
2,470785 43
2,47979 43
2,488705 42
2,498702 42
2,509056 41
2,51819 41
2,527653 40
2,536483 40
2,546448 39
2,555403 39
2,565701 38
2,57626 39
2,586778 39
2,596626 40
2,605538 40
2,615261 40
2,624774 39
2,633621 39
2,642712 40
2,651294 40
2,66047 41
2,669555 41
2,679527 42
2,6881 42
2,698683 43
2,709881 43
2,719769 44
2,729548 44
2,742672 45
2,757615 45
2,76663 46
2,775462 46
2,784061 47
2,792703 47
2,801022 48
2,809944 48
2,81824 49
2,826893 49
2,836125 50
2,844923 50
2,853255 51
2,861614 51
2,870128 52
2,878473 52
2,886997 53
2,895411 53
2,903593 54
2,912333 54
2,920881 53
2,929615 53
2,937809 52
2,947491 52
2,956484 53
2,969643 53
2,979546 52
2,988554 52
2,99829 51
3,008285 51
3,017389 52
3,027379 52
3,036594 53
3,045475 53
3,054082 54
3,062503 54
3,071034 55
3,080011 56
3,089193 56
3,097976 55
3,106648 55
3,115866 54
3,124949 54
3,134039 55
3,143029 55
3,15159 54
3,160717 54
3,169309 53
3,17853 53
3,187165 52
3,196468 52
3,209614 51
3,218126 51
3,227192 52
3,236156 52
3,245552 53
3,254896 53
3,26491 54
3,274168 54
3,282382 55
3,291717 55
3,300231 56
3,309767 56
3,317752 55
3,32648 55
3,335448 54
3,344648 54
3,352918 53
3,361466 53
3,369802 52
3,378909 52
3,387074 51
3,395566 51
3,403727 52
3,412821 52
3,421023 53
3,430506 53
3,44055 54
3,45105 54
3,465051 53
3,475433 53
3,48383 52
3,493018 52
3,501398 51
3,510355 51
3,518942 50
3,527719 50
3,536131 49
3,544916 49
3,55371 50
3,562995 50
3,571973 49
3,580818 49
3,589565 48
3,599124 48
3,609151 47
3,619074 47
3,628361 48
3,637131 48
3,645601 49
3,654251 49
3,663476 50
3,673111 50
3,68203 51
3,691492 51
3,700398 52
3,710424 52
3,720248 53
3,732735 53
3,741695 54
3,750604 54
3,760053 55
3,769977 55
3,779224 54
3,787639 54
3,796318 53
3,804915 53
3,813895 54
3,821936 54
3,831093 53
3,839715 53
3,848846 52
3,857743 52
3,866206 51
3,875086 51
3,88391 50
3,892776 50
3,900993 49
3,909715 49
3,918475 48
3,927113 48
3,935383 49
3,944352 49
3,952761 48
3,962011 48
3,970876 49
3,980088 49
3,988377 50
3,99766 50
4,010821 49
4,019147 49
4,027981 48
4,037297 48
4,048528 49
4,058393 49
4,067126 50
4,076287 50
4,086781 51
4,095892 51
4,104136 50
4,112848 50
4,121033 49
4,129966 49
4,138273 48
4,147326 48
4,155665 49
4,16494 49
4,173486 50
4,183713 50
4,192937 51
4,201243 51
4,210681 50
4,219477 50
4,22822 49
4,236579 49
4,245681 50
4,254367 50
4,263646 51
4,272306 51
4,281448 50
4,290424 50
4,302981 49
4,312612 49
4,321209 50
4,330493 50
4,338898 51
4,348289 51
4,356598 52
4,365963 52
4,374938 51
4,383556 51
4,392549 52
4,400916 52
4,409624 51
4,417891 51
4,426363 50
4,434773 50
4,443373 49
4,452911 49
4,462475 48
4,470897 48
4,479434 47
4,487629 47
4,496409 48
4,50522 48
4,514359 49
4,522984 49
4,532094 50
4,541485 50
4,550452 49
4,559967 49
4,568543 50
4,577689 50
4,587347 49
4,59715 49
4,610461 50
4,61908 50
4,627963 51
4,636618 51
4,646147 50
4,655804 50
4,665653 49
4,67527 49
4,68355 50
4,693082 50
4,701653 49
4,712075 49
4,721146 50
4,730026 50
4,738554 51
4,748334 51
4,762808 50
4,771111 50
4,779541 49
4,788071 49
4,796462 50
4,804491 50
4,81335 49
4,821595 49
4,830198 50
4,838929 50
4,848167 49
4,856812 49
4,865673 50
4,874872 50
4,883121 49
4,895679 49
4,907095 48
4,917021 48
4,926228 49
4,935363 49
4,945006 48
4,954055 48
4,963548 47
4,972046 47
4,981256 46
4,990283 46
4,999663 47
5,009003 47
5,017083 46
5,025732 46
5,033976 45
5,042979 45
5,051215 46
5,059947 46
5,068592 45
5,077073 45
5,085642 44
5,094853 44
5,10323 43
5,11191 43
5,120132 42
5,131616 42
5,139909 43
5,149343 43
5,157553 42
5,166917 42
5,176212 43
5,185224 43
5,194561 44
5,203527 44
5,213142 45
5,222174 45
5,232007 46
5,24072 46
5,249869 45
5,259792 45
5,269418 46
5,278984 46
5,287673 45
5,296547 45
5,304715 46
5,313807 46
5,322046 45
5,33089 45
5,340233 46
5,350361 46
5,359346 45
5,367909 45
5,380495 46
5,38916 46
5,398787 45
5,407595 45
5,41724 46
5,426743 46
5,435443 47
5,444302 47
5,453163 48
5,463198 48
5,472665 47
5,482402 47
5,491462 48
5,50141 48
5,510551 47
5,518974 47
5,52791 46
5,536304 46
5,544931 47
5,55405 47
5,563279 48
5,57181 48
5,580954 47
5,590489 47
5,599608 46
5,608603 46
5,616746 45
5,628962 45
5,637311 46
5,646229 46
5,65476 47
5,663607 47
5,672535 46
5,682478 46
5,692311 47
5,701951 47
5,712101 48
5,720854 48
5,729493 47
5,738062 47
5,747753 48
5,756999 48
5,766834 49
5,776526 49
5,785473 48
5,794472 48
5,803074 47
5,812506 47
5,820874 46
5,829956 46
5,838181 45
5,847398 45
5,85549 44
5,86481 44
5,873048 43
5,88223 43
5,894652 42
5,90334 42
5,912642 41
5,921483 41
5,930464 40
5,939617 41
5,949794 41
5,960444 41
5,96993 42
5,978867 42
5,987365 41
5,997001 41
6,005511 40
6,015521 40
6,024188 41
6,034849 41
6,044033 40
6,05288 39
6,061858 39
6,070976 39
6,080116 40
6,089764 40
6,099625 40
6,109333 39
6,117939 39
6,127135 40
6,135881 40
6,145416 39
6,154982 39
6,163977 38
6,173083 38
6,186671 37
6,196364 37
6,207553 36
6,218365 36
6,227688 37
6,235893 37
6,245321 36
6,253894 36
6,264471 37
6,273711 37
6,28326 38
6,293787 38
6,302788 39
6,312089 39
6,320966 40
6,329727 40
6,338606 41
6,347646 41
6,356345 42
6,365414 42
6,374958 43
6,384192 43
6,39401 44
6,402916 44
6,411909 45
6,420427 46
6,429652 46
6,438076 45
6,448067 45
6,456555 46
6,46738 46
6,476861 45
6,488461 45
6,497674 44
6,507334 44
6,517179 45
6,526937 45
6,535599 46
6,544939 46
6,554358 47
6,563319 47
6,572028 48
6,580952 48
6,590205 49
6,600863 49
6,610002 50
6,618891 50
6,627935 51
6,636633 51
6,645494 50
6,654521 50
6,663318 51
6,672177 51
6,680711 50
6,689038 50
6,697519 51
6,705969 51
6,716916 50
6,727427 50
6,736697 49
6,745971 49
6,754856 50
6,763949 50
6,773241 51
6,78232 51
6,790807 52
6,804198 52
6,814104 53
6,822587 53
6,831532 52
6,840443 52
6,849802 51
6,858355 51
6,867844 52
6,877927 52
6,887577 53
6,896515 53
6,904928 52
6,914164 52
6,922772 51
6,931767 51
6,940514 50
6,950089 50
6,960244 51
6,968745 51
6,977371 50
6,985924 50
6,994349 51
7,002752 51
7,011869 52
7,020184 52
7,028944 53
7,037474 53
7,046558 52
7,054992 52
7,063511 53
7,072688 53
7,081978 54
7,091246 54
7,100788 53
7,110193 53
7,122076 54
7,131627 54
7,139797 55
7,149137 55
7,157514 54
7,166765 54
7,176801 53
7,18599 53
7,195294 52
7,204184 52
7,213551 53
7,22227 53
7,230766 52
7,239047 52
7,247859 51
7,256573 51
7,265978 50
7,27489 50
7,283641 51
7,292599 51
7,300927 52
7,310131 52
7,318763 53
7,328902 53
7,337664 52
7,347366 52
7,355716 53
7,364377 53
7,372859 52
7,382475 52
7,391239 53
7,400318 53
7,409375 52
7,418011 52
7,428165 51
7,437645 51
7,447482 50
7,456175 50
7,468805 49
7,481459 49
7,493594 48
7,502008 48
7,511386 49
7,520165 49
7,528977 48
7,537378 48
7,546059 47
7,554333 47
7,563314 48
7,57185 48
7,580536 49
7,589516 49
7,598535 50
7,607745 50
7,616575 49
7,625804 49
7,634507 48
7,643445 48
7,652241 49
7,661481 49
7,671116 48
7,679519 48
7,687723 49
7,700064 49
7,710372 50
7,719778 50
7,729175 49
7,73752 49
7,746289 48
7,755327 48
7,764802 49
7,773942 49
7,783823 50
7,792881 50
7,801157 49
7,810836 49
7,819685 50
7,828787 50
7,837392 49
7,84698 49
7,856075 50
7,865732 50
7,874874 51
7,884851 51
7,894883 52
7,903759 52
7,913144 51
7,922595 51
7,931604 50
7,939878 50
7,948797 51
7,961087 51
7,969784 52
7,979108 52
7,987914 53
7,997225 53
8,005856 52
8,015379 52
8,024258 51
8,034916 51
8,044144 50
8,053362 50
8,062313 49
8,071182 49
8,080076 50
8,089462 50
8,098385 51
8,107824 51
8,117577 52
8,12714 52
8,135614 53
8,145411 53
8,154776 54
8,163528 54
8,171858 53
8,181089 53
8,190012 52
8,198965 52
8,20834 51
8,218054 51
8,23077 52
8,239756 52
8,249371 51
8,258236 51
8,268166 50
8,277161 50
8,285416 51
8,29483 51
8,303593 50
8,312424 50
8,320644 51
8,329674 51
8,33823 50
8,34721 50
8,355391 49
8,364368 49
8,373268 48
8,382654 48
8,391085 47
8,401213 47
8,410936 46
8,419607 46
8,428513 45
8,437014 45
8,44603 44
8,454494 44
8,463642 45
8,471933 45
8,480928 44
8,489437 44
8,50079 45
8,509348 45
8,51832 44
8,527636 44
8,536301 45
8,545645 45
8,554558 46
8,563585 46
8,572222 47
8,581495 47
8,590559 48
8,601101 48
8,612196 47
8,621063 47
8,629944 48
8,638462 48
8,649027 49
8,658493 49
8,669014 48
8,678665 48
8,687601 47
8,697054 47
8,705896 46
8,715755 46
8,725065 45
8,735039 45
8,744507 44
8,753313 44
8,762724 43
8,771635 43
8,780472 42
8,789696 42
8,802708 41
8,81242 41
8,821531 40
8,830595 40
8,83922 39
8,848063 39
8,856337 38
8,865282 38
8,874004 37
8,88348 37
8,892727 36
8,902029 36
8,912613 37
8,921032 37
8,929501 36
8,938217 36
8,947044 37
8,955366 37
8,964249 36
8,972702 36
8,981632 37
8,99028 37
8,999258 36
9,00832 36
9,019314 37
9,029394 37
9,038692 38
9,048412 38
9,058214 39
9,069906 39
9,080105 40
9,090601 40
9,100435 41
9,115173 41
9,124374 42
9,135237 42
9,145496 41
9,155237 41
9,165649 40
9,179178 40
9,18874 39
9,199427 39
9,210081 38
9,221222 38
9,23068 37
9,239859 37
9,249681 36
9,259403 36
9,269825 37
9,279696 37
9,289789 38
9,299191 38
9,308754 39
9,319712 39
9,329224 40
9,33927 40
9,349245 41
9,358675 41
9,369127 42
9,37908 42
9,388264 41
9,397985 41
9,407122 42
9,416693 42
9,426334 43
9,43652 43
9,445978 44
9,455795 44
9,470888 43
9,480352 43
9,490059 42
9,500139 42
9,50964 41
9,519938 41
9,54196 42
9,551548 42
9,560835 41
9,570759 41
9,58073 42
9,590399 42
9,599829 43
9,609303 43
9,619648 44
9,629866 44
9,639219 45
9,648853 45
9,658489 46
9,669622 46
9,679438 47
9,689468 47
9,698982 46
9,713581 46
9,723568 45
9,735071 45
9,744659 44
9,754641 44
9,764309 43
9,77454 43
9,785614 42
9,795729 42
9,805498 41
9,815487 41
9,824848 40
9,83765 40
9,850283 39
9,861799 39
9,874876 38
9,88686 38
9,897549 37
9,90752 37
9,917309 36
9,926079 36
9,935608 37
9,945019 37
9,953756 36
9,963453 36
9,972639 37
9,98139 37
9,989851 38
10,00315 38
10,01288 39
10,02184 39
10,03102 40
10,03956 40
10,04838 41
10,05683 41
10,06618 40
10,07554 40
10,08568 39
10,09556 39
10,104 38
10,11283 38
10,12152 37
10,1307 37
10,13973 36
10,14912 36
10,15782 37
10,16891 37
10,17817 36
10,18767 36
10,19669 37
10,20587 37
10,2156 36
10,22443 36
10,23392 37
10,24288 37
10,25217 36
10,26399 36
10,27697 37
10,28696 37
10,29658 36
10,30539 36
10,31414 37
10,32318 37
10,3319 36
10,34058 36
10,3501 37
10,35882 37
10,36863 38
10,37761 38
10,38671 39
10,39618 39
10,40561 40
10,4157 40
10,42434 41
10,43373 41
10,44226 42
10,4516 42
10,46159 43
10,47168 43
10,48011 44
10,48871 44
10,49795 45
10,50676 45
10,51652 46
10,526 46
10,53499 47
10,54783 47
10,55661 48
10,56603 48
10,57504 47
10,58561 47
10,59492 46
10,60379 46
10,61253 45
10,62152 45
10,63048 44
10,63898 44
10,64857 45
10,65774 45
10,66681 46
10,67546 46
10,68527 47
10,69433 47
10,7029 46
10,71293 46
10,72152 47
10,73112 47
10,74014 48
10,74953 48
10,75823 47
10,76791 47
10,77624 48
10,78608 48
10,79518 47
10,8037 47
10,81263 48
10,8208 48
10,82943 49
10,84147 49
10,85465 50
10,8634 50
10,87244 49
10,88196 49
10,89067 48
10,90051 48
10,91072 47
10,92111 47
10,93019 48
10,93894 48
10,94871 49
10,95902 49
10,96969 48
10,97885 48
10,98787 49
10,99659 49
11,00507 48
11,0139 48
11,02269 49
11,03148 49
11,03993 48
11,0489 48
11,05711 47
11,06603 47
11,07491 48
11,08518 48
11,09846 47
11,10806 47
11,11811 48
11,12788 48
11,13757 49
11,1475 49
11,15755 48
11,16694 48
11,17621 47
11,18575 47
11,19604 48
11,20461 48
11,21361 49
11,22332 49
11,23287 48
11,24209 48
11,25195 47
11,26216 47
11,27093 48
11,27994 48
11,2886 49
11,29748 49
11,30695 48
11,3161 48
11,32465 47
11,33489 47
11,34373 48
11,35304 48
11,36244 47
11,37654 47
11,38616 46
11,39557 46
11,40416 47
11,41306 47
11,42172 46
11,43081 46
11,43955 45
11,44874 45
11,45717 44
11,46643 44
11,47568 45
11,48508 45
11,49402 44
11,50307 44
11,51251 45
11,52122 45
11,53021 46
11,53899 46
11,54865 47
11,55741 47
11,56711 48
11,57567 48
11,58712 47
11,59674 47
11,60524 46
11,61455 46
11,62311 45
11,63261 45
11,64137 44
11,65409 44
11,6633 45
11,67248 45
11,68203 46
11,69139 46
11,70031 47
11,71025 47
11,72005 46
11,72979 46
11,73848 47
11,74752 47
11,75616 46
11,76549 46
11,77419 45
11,78355 45
11,79229 46
11,80227 46
11,8128 45
11,82209 45
11,83138 44
11,83991 44
11,84857 45
11,85689 45
11,866 44
11,87515 44
11,88411 43
11,8928 43
11,90158 44
11,91035 44
11,91985 45
11,92994 45
11,94292 46
11,9538 46
11,96346 47
11,97273 47
11,9816 48
11,9902 48
11,99882 47
12,00744 47
12,01625 46
12,02522 46
12,03466 47
12,04356 47
12,05291 46
12,062 46
12,07084 47
12,08075 47
12,08997 46
12,0986 46
12,10754 47
12,11674 47
12,12591 46
12,13585 46
12,14548 47
12,15515 47
12,16433 46
12,1741 46
12,18312 45
12,19226 45
12,20104 44
12,21088 44
12,22028 45
12,22951 45
12,23792 44
12,24706 44
12,25928 43
12,26935 43
12,27868 42
12,28791 42
12,2976 41
12,30759 41
12,31695 40
12,32586 40
12,33733 39
12,34729 39
12,35572 38
12,36453 38
12,37337 39
12,3823 39
12,39134 38
12,4004 38
12,40987 39
12,41977 39
12,42957 38
12,43852 38
12,44713 39
12,45563 39
12,46433 38
12,47307 38
12,48195 39
12,49072 39
12,50007 38
12,5084 38
12,51732 39
12,52622 39
12,53629 38
12,54515 38
12,55408 39
12,56347 39
12,57228 40
12,5851 40
12,59402 41
12,60381 41
12,61349 42
12,62285 42
12,63181 43
12,64037 43
12,64945 44
12,6577 44
12,66668 45
12,67536 45
12,6848 46
12,69315 46
12,70213 47
12,71194 47
12,72119 48
12,73096 48
12,73962 47
12,7494 47
12,758 46
12,76736 46
12,77691 45
12,78617 45
12,79482 44
12,80373 44
12,81255 45
12,82098 45
12,8298 44
12,83891 44
12,84766 43
12,85587 43
12,86439 42
12,87278 42
12,88173 41
12,89051 41
12,89957 40
12,91253 40
12,92127 39
12,93106 39
12,93957 38
12,9493 38
12,95981 37
12,97144 37
12,98066 36
12,99051 36
12,99969 37
13,00894 37
13,01754 38
13,02707 38
13,0365 37
13,0465 37
13,05612 36
13,06546 36
13,07418 37
13,08378 37
13,0928 38
13,10226 38
13,11127 39
13,12148 39
13,1308 38
13,1402 38
13,14882 39
13,15725 39
13,1664 38
13,17528 38
13,18404 37
13,19298 37
13,20191 36
13,21196 36
13,22142 37
13,23087 37
13,23888 36
13,24794 36
13,25614 37
13,26505 37
13,27742 36
13,28705 36
13,29622 37
13,30548 37
13,31465 36
13,32406 36
13,33405 37
13,34276 37
13,35166 36
13,35985 36
13,36939 37
13,37776 37
13,38775 36
13,39676 36
13,40565 37
13,41451 37
13,42262 36
13,43148 36
13,43969 37
13,44887 37
13,45713 36
13,46658 36
13,47539 37
13,48465 38
13,49354 38
13,5026 38
13,51163 38
13,52098 39
13,53096 39
13,54077 40
13,551 41
13,5604 41
13,57155 40
13,5812 40
13,59024 41
13,59915 41
13,60814 42
13,61749 42
13,62641 41
13,63567 41
13,64459 42
13,65729 42
13,67073 43
13,68055 43
13,68954 42
13,69826 42
13,70698 41
13,71622 41
13,72498 42
13,73473 42
13,74307 41
13,75238 41
13,76125 42
13,77187 42
13,78148 43
13,79065 43
13,79958 44
13,8083 44
13,81729 45
13,82609 45
13,8363 44
13,84569 44
13,85441 43
13,86412 43
13,87286 42
13,88167 42
13,8903 43
13,90364 43
13,9145 42
13,92315 42
13,93278 43
13,94147 43
13,95119 44
13,9611 44
13,97109 43
13,98015 43
13,98879 44
13,99782 44
14,00665 45
14,01677 45
14,02567 46
14,0358 46
14,04534 45
14,05527 45
14,06416 44
14,07292 44
14,08142 45
14,09043 45
14,09947 46
14,10804 46
14,11704 47
14,12555 47
14,13478 46
14,14341 46
14,15314 45
14,16193 45
14,17479 44
14,18433 44
14,1935 45
14,20279 45
14,21291 44
14,22242 44
14,23106 43
14,23932 43
14,24798 42
14,25636 42
14,26475 43
14,27324 43
14,28181 42
14,29026 42
14,29919 41
14,30775 41
14,31687 40
14,32595 40
14,33563 39
14,34411 39
14,35347 38
14,36193 38
14,37138 37
14,38184 37
14,39057 36
14,39976 36
14,40862 37
14,41919 37
14,42825 36
14,43756 36
14,44685 37
14,45854 37
14,46791 36
14,4775 36
14,48794 37
14,49737 37
14,50601 38
14,51526 38
14,52331 39
14,53241 39
14,54062 38
14,54993 38
14,55798 37
14,56684 37
14,57534 36
14,58551 36
14,59487 37
14,60377 37
14,61224 36
14,62177 36
14,63161 37
14,64017 37
14,64901 38
14,65742 38
14,66635 37
14,67511 37
14,68375 36
14,69293 36
14,70176 37
14,7118 37
14,72152 36
14,73123 36
14,73966 37
14,75224 37
14,76089 36
14,77194 36
14,78222 37
14,79109 37
14,8005 36
14,80955 36
14,81938 37
14,82838 37
14,8385 36
14,84809 36
14,85687 37
14,86575 37
14,87443 36
14,88373 36
14,89317 37
14,90257 37
14,91148 38
14,92162 38
14,93165 39
14,94061 39
14,95008 40
14,96007 40
14,96962 39
14,97816 39
14,98765 40
14,99695 40
15,00638 41
15,01615 41
15,02496 42
15,0344 42
15,04302 43
15,05338 43
15,06438 44
15,07853 44
15,09002 43
15,1003 43
15,10953 42
15,11941 42
15,12849 41
15,13955 41
15,14967 42
15,1589 42
15,16862 41
15,18147 41
15,19117 42
15,20023 42
15,2096 41
15,21959 41
15,22879 40
15,24019 40
15,25079 39
15,26012 39
15,27027 38
15,27918 38
15,28964 39
15,29862 39
15,30769 38
15,31687 38
15,32622 37
15,33665 37
15,3479 36
15,35733 36
15,36661 37
15,3766 37
15,38616 38
15,39564 38
15,40502 37
15,41606 38
15,4296 38
15,44026 38
15,44996 38
15,46046 39
15,47087 39
15,48044 38
15,48955 38
15,49995 39
15,50883 39
15,51868 38
15,52881 39
15,54005 39
15,5502 40
15,55968 40
15,56963 39
15,57987 39
15,59168 38
15,60188 38
15,61192 39
15,6238 39
15,63372 40
15,64332 40
15,65281 41
15,66165 41
15,67136 42
15,6811 42
15,69033 43
15,69956 43
15,70983 44
15,71952 44
15,72782 45
15,73746 45
15,74683 46
15,75567 46
15,76581 47
15,77516 47
15,78434 48
15,79332 48
15,80678 49
15,81602 49
15,82579 48
15,83697 48
15,8459 49
15,85595 49
15,86556 50
15,87494 50
15,88463 49
15,89388 49
15,90349 50
15,91255 50
15,92204 51
15,93222 51
15,94066 52
15,94972 52
15,95883 53
15,96856 53
15,97697 54
15,98617 54
15,99533 55
16,00506 55
16,01516 56
16,02428 56
16,03331 57
16,04207 57
16,051 56
16,05941 56
16,06833 55
16,07704 55
16,08746 54
16,09878 54
16,10899 53
16,11874 53
16,12829 52
16,13896 52
16,14931 51
16,15908 51
16,1689 50
16,18258 50
16,19596 49
16,20638 49
16,21727 50
16,22681 50
16,23601 51
16,24506 51
16,25519 50
16,26441 50
16,27344 49
16,28242 49
16,29197 48
16,30135 48
16,31062 49
16,31941 49
16,32855 48
16,33917 48
16,34813 49
16,35641 49
16,36532 50
16,37405 50
16,38262 51
16,39128 51
16,40042 52
16,40943 52
16,41859 51
16,42726 51
16,43656 50
16,44511 50
16,45464 51
16,46456 51
16,47328 52
16,48234 52
16,49107 53
16,50003 53
16,50867 54
16,51732 54
16,52589 55
16,53506 55
16,54421 56
16,55449 56
16,56329 57
16,57676 57
16,58755 58
16,59731 58
16,60604 59
16,61515 59
16,62324 58
16,63264 58
16,64098 57
16,65005 57
16,65897 56
16,66804 56
16,67656 57
16,68582 57
16,69435 56
16,70368 56
16,71332 55
16,72281 55
16,73218 54
16,74074 54
16,74929 53
16,75805 53
16,76669 52
16,77498 52
16,78372 51
16,79276 51
16,80155 50
16,81052 50
16,81983 49
16,82827 49
16,83822 50
16,84827 50
16,8567 51
16,86589 51
16,87458 50
16,88425 50
16,89414 49
16,90417 49
16,91345 50
16,92387 50
16,93346 51
16,94267 51
16,95165 50
16,96111 50
16,97394 49
16,98668 49
16,99576 50
17,00567 50
17,01577 49
17,02458 49
17,03387 50
17,04276 50
17,05233 51
17,06078 51
17,06987 52
17,07828 52
17,08744 51
17,09562 51
17,10525 50
17,11451 50
17,12367 49
17,13272 49
17,14144 50
17,1517 50
17,16241 51
17,17269 51
17,18276 50
17,1917 50
17,20043 49
17,21425 49
17,22308 50
17,23252 50
17,24074 51
17,24922 51
17,25748 50
17,26624 50
17,27443 49
17,28336 49
17,2916 50
17,30013 50
17,30859 51
17,31762 51
17,32588 52
17,33571 52
17,34529 51
17,35429 51
17,36287 50
17,37227 50
17,38115 51
17,39013 51
17,39935 52
17,40833 52
17,41698 51
17,42532 51
17,43382 50
17,44201 50
17,45062 51
17,4598 51
17,46852 52
17,4823 52
17,49133 51
17,50028 51
17,50918 50
17,51804 50
17,52634 51
17,53528 51
17,54348 50
17,55236 50
17,56102 49
17,57003 49
17,57837 48
17,58824 48
17,5966 47
17,60593 47
17,61571 48
17,62477 48
17,63369 47
17,64249 47
17,65171 48
17,66037 48
17,66959 49
17,6782 49
17,68752 48
17,69614 48
17,70539 49
17,71494 49
17,72436 50
17,7336 50
17,74171 51
17,75067 51
17,76336 52
17,77359 52
17,78314 53
17,79165 53
17,80028 52
17,80943 52
17,81867 53
17,82745 53
17,83781 54
17,84705 54
17,85606 55
17,86559 55
17,87436 56
17,88332 56
17,8926 55
17,90187 55
17,9108 54
17,92023 54
17,92926 53
17,93908 53
17,94891 52
17,95793 52
17,96717 51
17,97601 51
17,9854 50
17,99454 50
18,00357 49
18,01248 49
18,02157 50
18,03007 50
18,0391 49
18,04866 49
18,06082 50
18,06951 50
18,07789 49
18,0877 49
18,09669 50
18,10678 50
18,11656 51
18,12521 51
18,13378 50
18,14355 50
18,15252 49
18,16121 49
18,17045 50
18,17951 50
18,19298 51
18,20603 51
18,21861 50
18,23214 50
18,2449 49
18,257 49
18,26765 50
18,2807 50
18,29032 51
18,29939 51
18,30783 52
18,31696 52
18,32636 51
18,33687 51
18,34533 52
18,35481 52
18,36346 51
18,3738 51
18,38345 50
18,39228 50
18,40455 51
18,41316 51
18,42246 50
18,43207 50
18,44082 51
18,45022 51
18,46107 50
18,47096 50
18,47928 51
18,48961 51
18,49862 52
18,5077 52
18,51674 51
18,52552 51
18,53419 50
18,54304 50
18,55231 49
18,5617 49
18,57162 48
18,5802 48
18,59024 47
18,60059 47
18,60989 46
18,61899 46
18,62755 45
18,6369 45
18,64621 46
18,65629 46
18,66565 47
18,67467 47
18,68376 48
18,69338 48
18,7029 47
18,71302 47
18,7224 46
18,73209 46
18,74534 47
18,75491 47
18,7639 48
18,77318 48
18,78287 49
18,79174 49
18,80076 50
18,80957 50
18,81871 51
18,82802 51
18,83816 50
18,84746 50
18,85654 51
18,86639 51
18,87524 52
18,88472 52
18,89408 51
18,9035 51
18,91265 50
18,92236 50
18,93164 49
18,94104 49
18,95031 48
18,96031 48
18,96969 49
18,97842 49
18,98714 48
18,99603 48
19,00522 47
19,01444 47
19,02427 48
19,03389 48
19,04276 47
19,05218 47
19,06082 48
19,07029 48
19,07894 47
19,09445 47
19,10437 48
19,1135 48
19,12312 49
19,13271 49
19,14165 48
19,15098 48
19,15981 47
19,16923 47
19,18093 46
19,19033 46
19,19935 45
19,20819 45
19,23689 44
19,24697 44
19,25763 43
19,2674 43
19,27674 44
19,28617 44
19,29482 43
19,3038 43
19,3127 42
19,32245 42
19,33133 43
19,34072 43
19,35099 42
19,35987 42
19,36889 43
19,37757 43
19,38678 42
19,396 42
19,40558 41
19,41526 41
19,42379 40
19,43366 40
19,4423 39
19,45143 39
19,46142 38
19,4713 38
19,47979 39
19,48959 39
19,49849 40
19,50838 40
19,51719 41
19,5296 41
19,54215 42
19,55387 42
19,56215 43
19,57182 43
19,58047 44
19,59124 44
19,60099 45
19,61013 45
19,61961 46
19,62879 46
19,63871 45
19,64752 45
19,65681 46
19,66702 46
19,6769 47
19,68624 47
19,69548 48
19,70442 48
19,71395 49
19,72329 49
19,73293 48
19,74179 48
19,75056 49
19,75931 49
19,76834 48
19,77713 48
19,78612 49
19,79551 49
19,80468 48
19,81363 48
19,82586 49
19,83618 49
19,84514 50
19,85444 50
19,86253 51
19,87112 51
19,87929 50
19,88875 50
19,89761 51
19,90718 51
19,91579 50
19,92429 50
19,93336 49
19,94157 49
19,95049 48
19,96051 48
19,96939 47
19,97865 47
19,98724 48
19,99566 48
20,00456 49
20,01339 49
20,02201 50
20,03052 50
20,03953 49
20,04885 49
20,05724 50
20,06594 50
20,0749 49
20,08448 49
20,09503 50
20,10366 50
20,112 51
20,12473 51
20,13379 50
20,14205 50
20,15083 49
20,15932 49
20,16811 48
20,17675 48
20,18544 47
20,19385 47
20,20232 48
20,21182 48
20,22071 49
20,22908 49
20,23801 50
20,24771 50
20,25719 51
20,26628 51
20,27503 50
20,28435 50
20,29387 49
20,30363 49
20,31305 50
20,32252 50
20,33177 51
20,341 51
20,35076 52
20,35958 52
20,36816 53
20,37684 53
20,38648 54
20,39498 54
20,40365 55
20,41205 55
20,42046 56
20,43329 56
20,44143 57
20,45067 57
20,46047 56
20,46946 56
20,4779 55
20,48702 55
20,4954 54
20,50487 54
20,51311 53
20,52212 53
20,53079 52
20,54045 52
20,55006 51
20,55848 51
20,5672 50
20,57575 50
20,5857 51
20,59489 51
20,60353 52
20,61193 52
20,62038 53
20,62951 53
20,63846 52
20,64762 52
20,65749 53
20,66666 53
20,67524 52
20,68417 52
20,6934 53
20,70261 53
20,7115 54
20,72043 54
20,72911 53
20,73798 53
20,75183 52
20,76101 52
20,77077 51
20,77923 51
20,78879 52
20,7979 52
20,80771 53
20,81721 53
20,82617 52
20,83654 52
20,84564 51
20,85493 51
20,86343 52
20,87346 52
20,88213 51
20,89211 51
20,90165 50
20,91034 50
20,91997 51
20,92974 51
20,9393 52
20,94825 52
20,95742 51
20,96701 51
20,97563 52
20,98453 52
20,99294 53
21,00141 53
21,01018 54
21,01892 54
21,02906 55
21,03824 55
21,04696 54
21,05632 54
21,06538 53
21,07474 53
21,08374 52
21,09288 52
21,10528 53
21,11452 53
21,1242 54
21,13325 54
21,14173 55
21,15116 55
21,15961 54
21,16843 54
21,17685 53
21,18568 53
21,19422 54
21,20285 54
21,21227 55
21,22162 55
21,23094 56
21,2404 56
21,24985 55
21,25875 55
21,26798 56
21,27664 56
21,28557 55
21,2954 55
21,30419 56
21,31274 56
21,32169 55
21,33209 55
21,34236 54
21,35313 54
21,36215 53
21,37112 53
21,37946 52
21,38828 52
21,39672 53
21,40598 53
21,41483 54
21,42453 54
21,43386 55
21,4429 55
21,4523 54
21,4661 54
21,47571 53
21,4851 53
21,49391 52
21,50309 52
21,51212 51
21,52125 51
21,53018 52
21,53949 52
21,54852 53
21,55917 53
21,56816 52
21,57704 52
21,58669 51
21,59566 51
21,60435 50
21,61329 50
21,6226 51
21,63174 51
21,64196 50
21,65171 50
21,6605 49
21,67006 49
21,67906 50
21,68851 50
21,69744 49
21,7073 49
21,71661 48
21,72602 48
21,73512 47
21,74425 47
21,75357 46
21,76254 46
21,77162 45
21,78052 45
21,79013 46
21,7998 46
21,80964 47
21,8193 47
21,82822 46
21,83834 46
21,84755 45
21,86128 45
21,8701 46
21,87836 46
21,8874 47
21,89643 47
21,90539 48
21,91479 48
21,92384 49
21,93382 49
21,94264 48
21,95199 48
21,96173 49
21,97125 49
21,9803 48
21,98951 48
21,99822 47
22,00811 47
22,01726 46
22,02588 46
22,03557 45
22,04478 45
22,05408 44
22,06305 44
22,07223 45
22,08121 45
22,09229 46
22,10271 46
22,11229 47
22,12175 47
22,13135 48
22,14095 48
22,15564 49
22,17177 49
22,18335 50
22,19372 50
22,20295 51
22,21275 51
22,22218 50
22,23121 50
22,24081 51
22,25005 51
22,2595 50
22,26876 50
22,28084 49
22,29472 49
22,30402 48
22,31287 48
22,32189 47
22,33123 47
22,34098 46
22,35009 46
22,3592 47
22,3696 47
22,37865 48
22,38951 48
22,3992 49
22,40921 49
22,41852 50
22,42821 50
22,43748 51
22,44706 51
22,45626 50
22,46616 50
22,47548 49
22,48547 49
22,49427 50
22,50367 50
22,51232 51
22,52234 51
22,53173 52
22,54137 52
22,55058 53
22,56327 53
22,57273 54
22,58118 54
22,59056 55
22,59985 55
22,60935 56
22,61847 56
22,62762 55
22,63651 55
22,64537 56
22,65495 56
22,66381 55
22,67375 55
22,68225 54
22,69171 54
22,70057 53
22,71101 53
22,72008 54
22,72905 54
22,73788 55
22,74702 55
22,75639 54
22,7655 54
22,77524 55
22,78485 55
22,79362 56
22,80302 56
22,81193 55
22,82082 55
22,83014 54
22,84025 54
22,84894 55
22,85883 55
22,87159 56
22,88066 56
22,88991 55
22,89858 55
22,90794 54
22,91687 54
22,92562 53
22,93468 53
22,94336 54
22,95287 54
22,96201 55
22,97193 55
22,98035 54
22,98972 54
22,99818 53
23,0081 53
23,01797 54
23,02683 54
23,03608 55
23,04522 55
23,05453 54
23,06372 54
23,07301 55
23,08183 55
23,09232 54
23,10197 54
23,11147 55
23,12027 55
23,12882 54
23,13966 54
23,14833 53
23,15746 53
23,16567 54
23,17451 54
23,18401 55
23,19656 55
23,206 56
23,21502 56
23,22397 55
23,23245 55
23,24104 54
23,24945 54
23,2582 55
23,26795 55
23,27649 54
23,28541 54
23,29397 55
23,30293 55
23,31165 54
23,32177 54
23,33121 53
23,34177 53
23,35139 52
23,36015 52
23,36931 51
23,37782 51
23,38659 50
23,39503 50
23,40404 49
23,41344 49
23,42286 48
23,43217 48
23,44181 47
23,45228 47
23,46165 48
23,47185 48
23,4805 49
23,48989 49
23,49856 50
23,50865 50
23,51793 51
23,53051 51
23,54 52
23,54926 52
23,55924 53
23,56835 53
23,57681 52
23,58682 52
23,59553 51
23,60468 51
23,61344 52
23,62292 52
23,63221 53
23,64207 53
23,6517 52
23,6609 52
23,66982 51
23,67877 51
23,68768 50
23,6964 50
23,70571 49
23,71514 49
23,72446 48
23,73333 48
23,74232 47
23,75146 47
23,75984 46
23,76923 46
23,77746 45
23,78616 45
23,7943 44
23,80285 44
23,81096 45
23,81929 45
23,82784 46
23,83779 46
23,84634 45
23,85517 45
23,86326 44
23,87728 44
23,88758 45
23,89741 45
23,90795 46
23,91752 46
23,92878 47
23,93889 47
23,9485 48
23,95819 48
23,96742 49
23,97659 49
23,98583 50
23,99548 50
24,00447 51
24,01308 51
24,02239 52
24,03093 52
24,04029 51
24,04953 51
24,05946 50
24,06995 50
24,07909 51
24,08988 51
24,09904 52
24,10932 52
24,11883 51
24,12766 51
24,13783 50
24,14724 50
24,15617 49
24,16538 49
24,17653 48
24,18633 48
24,19507 49
24,20524 49
24,2153 48
24,22587 48
24,23555 47
24,24406 47
24,25654 48
24,26555 48
24,27545 47
24,28465 47
24,29336 46
24,30427 46
24,31319 45
24,32207 45
24,3308 44
24,34015 44
24,34929 43
24,35837 43
24,36729 42
24,37681 42
24,38651 41
24,39548 41
24,40476 42
24,41404 42
24,4231 43
24,43222 43
24,44197 44
24,45219 44
24,4632 45
24,47289 45
24,48116 44
24,49119 44
24,49933 45
24,50879 45
24,5178 46
24,52726 46
24,53679 47
24,54532 47
24,55443 46
24,56346 46
24,57198 47
24,58044 47
24,59012 48
24,59842 48
24,6075 49
24,61632 49
24,62651 48
24,63653 48
24,64879 49
24,65878 49
24,66723 50
24,67616 50
24,68516 51
24,694 51
24,70319 52
24,71366 52
24,72341 53
24,73184 53
24,74075 54
24,74911 54
24,7585 55
24,76723 55
24,77663 56
24,78612 56
24,79453 57
24,80316 57
24,81159 56
24,81991 56
24,82822 57
24,83763 57
24,84647 58
24,85546 58
24,86372 59
24,87256 59
24,88076 60
24,88962 60
24,89771 61
24,90648 61
24,91474 60
24,92372 60
24,93208 59
24,94193 59
24,95047 60
24,96071 60
24,97003 61
24,9781 61
24,98661 60
24,9948 60
25,00333 59
25,0118 59
25,02069 60
25,03024 60
25,04307 61
25,053 61
25,06114 62
25,06981 62
25,07815 61
25,08684 61
25,09566 62
25,10505 62
25,11428 63
25,12352 63
25,13201 64
25,14145 64
25,14998 63
25,15934 63
25,1681 62
25,17705 62
25,18594 63
25,19453 63
25,20315 62
25,21242 62
25,22116 63
25,22958 63
25,23863 62
25,24705 62
25,25562 63
25,26426 63
25,27293 62
25,28137 62
25,28983 63
25,29804 63
25,30686 62
25,31544 62
25,32453 61
25,33425 61
25,34368 62
25,35353 62
25,36264 63
25,37188 63
25,38033 64
25,38903 64
25,39713 65
25,4065 65
25,41503 64
25,42419 64
25,43283 63
25,44228 63
25,45065 64
25,46474 64
25,47372 65
25,4825 65
25,49217 64
25,50107 64
25,51099 63
25,52039 63
25,52919 62
25,53862 62
25,54701 63
25,55598 63
25,56488 64
25,57427 64
25,58356 63
25,5932 63
25,60198 64
25,61065 64
25,61934 65
25,62759 65
25,63619 64
25,64471 64
25,6534 63
25,66193 63
25,67039 64
25,67872 64
25,68731 63
25,69548 63
25,70408 62
25,71288 62
25,72131 61
25,72948 61
25,73825 60
25,74654 60
25,75503 61
25,76321 61
25,77218 62
25,78141 62
25,79103 61
25,80029 61
25,80987 60
25,81966 60
25,82866 61
25,8378 61
25,84645 62
25,85556 62
25,86379 61
25,87373 61
25,88344 62
25,89669 62
25,91324 61
25,92492 61
25,93486 60
25,94771 60
25,96202 59
25,9733 59
25,98402 58
25,99606 58
26,00895 57
26,01846 57
26,03015 58
26,04012 58
26,04939 59
26,05833 59
26,06717 58
26,07927 58
26,09113 57
26,10054 57
26,11084 58
26,12032 58
26,12848 59
26,13696 59
26,14512 58
26,15444 58
26,16251 59
26,17212 59
26,18168 60
26,19209 60
26,20594 59
26,2162 59
26,22677 58
26,23774 58
26,24704 57
26,25633 57
26,26559 56
26,27555 56
26,28412 55
26,29448 55
26,30384 54
26,31299 54
26,32247 53
26,33096 53
26,33994 52
26,34839 52
26,35703 53
26,36554 53
26,37467 52
26,38342 52
26,39311 53
26,40255 53
26,41123 52
26,42077 52
26,4291 53
26,43804 53
26,44705 54
26,45612 54
26,46462 55
26,47334 55
26,48207 56
26,49125 56
26,49972 57
26,5129 57
26,52155 58
26,53119 58
26,54209 59
26,55305 59
26,56218 60
26,57132 60
26,57954 61
26,58875 61
26,59712 60
26,60625 60
26,61467 59
26,62363 59
26,63232 60
26,64206 60
26,65057 59
26,65962 59
26,66798 58
26,67712 58
26,68631 59
26,69578 59
26,70432 60
26,71434 60
26,72305 61
26,73149 61
26,74015 60
26,74879 60
26,75732 59
26,76604 59
26,7755 58
26,78407 58
26,79325 59
26,80387 59
26,81276 58
26,82527 58
26,83534 57
26,84491 57
26,85419 56
26,86306 56
26,87177 55
26,88104 55
26,89013 54
26,89853 54
26,90743 53
26,91567 53
26,92458 52
26,93326 52
