0 52
0,01065254 52
0,02052414 53
0,03248382 53
0,04255056 54
0,05199122 54
0,06223655 55
0,07211852 55
0,08331382 56
0,09457052 56
0,1044297 57
0,1148752 57
0,1251835 58
0,1349024 58
0,1443926 59
0,1533266 59
0,1636841 60
0,1742575 60
0,1873518 61
0,1982664 61
0,2080091 62
0,2166107 62
0,2251877 63
0,2335814 63
0,2423929 64
0,2513005 64
0,2600898 65
0,2685443 65
0,2773502 64
0,2858334 64
0,2950444 65
0,3036464 65
0,3131913 66
0,3227217 66
0,3316031 65
0,3410224 65
0,3495219 64
0,3580396 64
0,3666295 63
0,3756008 63
0,3840991 64
0,3935882 64
0,4023378 65
0,4141719 65
0,4232476 66
0,4321431 66
0,4411274 65
0,4495704 65
0,4591599 66
0,4680762 66
0,4776988 65
0,4871558 65
0,4969722 64
0,5072526 64
0,5164895 63
0,5260621 63
0,5347123 62
0,5439199 62
0,5523962 61
0,5610554 61
0,5702045 60
0,5795407 60
0,5889416 59
0,5992019 59
0,6079828 58
0,6194683 58
0,6282787 57
0,6369227 57
0,646507 56
0,6554413 56
0,6643404 55
0,6734341 55
0,6821269 54
0,6912667 54
0,6998322 53
0,7099276 53
0,7194645 54
0,7283568 54
0,736521 55
0,745528 55
0,7540684 56
0,7632883 56
0,7719045 57
0,7806454 57
0,7900665 58
0,7985916 58
0,8080463 59
0,817255 59
0,8257918 60
0,8356786 60
0,8450053 61
0,8543971 61
0,863626 62
0,8727055 62
0,8816261 63
0,8908737 63
0,8992026 64
0,9114652 64
0,9199121 65
0,9290764 65
0,937325 66
0,9463382 66
0,9569128 67
0,9674509 67
0,9775732 68
0,9872968 68
0,9974163 69
1,007549 69
1,017916 68
1,028651 68
1,037926 67
1,047984 67
1,057583 66
1,067086 66
1,076206 65
1,085711 65
1,095862 64
1,104914 64
1,114141 63
1,122874 63
1,131497 62
1,141706 62
1,150904 61
1,160162 61
1,169085 60
1,179234 60
1,188409 59
1,198344 59
1,21029 58
1,223741 58
1,232156 57
1,241349 57
1,249894 56
1,25894 56
1,267808 55
1,276751 55
1,287862 54
1,29763 54
1,307555 53
1,31687 53
1,326417 52
1,336508 52
1,346133 51
1,355341 51
1,364146 50
1,373337 50
1,382157 49
1,391694 49
1,400158 48
1,409705 48
1,418026 47
1,427039 47
1,43551 46
1,444527 46
1,453261 45
1,462516 45
1,471688 44
1,480003 44
1,488781 43
1,498168 43
1,507738 42
1,516535 42
1,525986 41
1,535679 41
1,548529 40
1,558657 40
1,568092 39
1,577214 39
1,587388 40
1,597648 40
1,606914 39
1,61536 39
1,624593 38
1,632783 38
1,641553 37
1,650059 37
1,659088 36
1,667616 36
1,676154 37
1,68435 37
1,693712 36
1,702369 36
1,712749 37
1,722807 37
1,731749 38
1,740889 38
1,75038 39
1,75932 39
1,768471 40
1,777642 40
1,786408 41
1,79901 41
1,809271 42
1,817652 42
1,826545 43
1,835441 43
1,845002 44
1,853424 44
1,862107 45
1,87053 45
1,879682 46
1,888291 46
1,897497 47
1,906723 47
1,915602 48
1,924472 48
1,933008 49
1,941907 49
1,950677 50
1,961001 50
1,969682 51
1,978348 51
1,986831 52
1,995603 52
2,004472 53
2,014363 53
2,02376 54
2,032782 54
2,042123 55
2,054459 55
2,06382 56
2,074318 56
2,083941 57
2,0933 57
2,101982 58
2,110704 59
2,119217 59
2,128515 58
2,136968 59
2,145797 59
2,155252 58
2,164749 59
2,17501 59
2,183806 58
2,193137 58
2,2013 57
2,210985 57
2,219715 58
2,228947 58
2,23722 57
2,245841 57
2,254397 56
2,2634 56
2,271666 55
2,281286 55
2,291316 54
2,300929 54
2,310385 53
2,322171 53
2,331848 52
2,341716 52
2,350783 51
2,359831 51
2,368733 50
2,377315 50
2,385746 49
2,395107 49
2,40854 48
2,417469 48
2,426233 47
2,435036 47
2,443865 46
2,452463 46
2,462045 45
2,470785 45
2,47979 44
2,488705 44
2,498702 43
2,509056 43
2,51819 42
2,527653 42
2,536483 41
2,546448 41
2,555403 40
2,565701 40
2,57626 41
2,586778 41
2,596626 42
2,605538 42
2,615261 43
2,624774 43
2,633621 44
2,642712 44
2,651294 45
2,66047 45
2,669555 46
2,679527 46
2,6881 47
2,698683 47
2,709881 48
2,719769 48
2,729548 49
2,742672 49
2,757615 50
2,76663 50
2,775462 51
2,784061 51
2,792703 52
2,801022 52
2,809944 53
2,81824 53
2,826893 54
2,836125 54
2,844923 55
2,853255 55
2,861614 56
2,870128 56
2,878473 57
2,886997 57
2,895411 58
2,903593 58
2,912333 59
2,920881 59
2,929615 60
2,937809 60
2,947491 61
2,956484 61
2,969643 60
2,979546 60
2,988554 59
2,99829 59
3,008285 60
3,017389 60
3,027379 61
3,036594 61
3,045475 60
3,054082 60
3,062503 59
3,071034 59
3,080011 60
3,089193 60
3,097976 61
3,106648 61
3,115866 62
3,124949 62
3,134039 63
3,143029 63
3,15159 64
3,160717 64
3,169309 65
3,17853 65
3,187165 64
3,196468 64
3,209614 65
3,218126 65
3,227192 66
3,236156 66
3,245552 67
3,254896 67
3,26491 68
3,274168 68
3,282382 69
3,291717 69
3,300231 68
3,309767 68
3,317752 67
3,32648 67
3,335448 66
3,344648 66
3,352918 65
3,361466 65
3,369802 64
3,378909 64
3,387074 63
3,395566 63
3,403727 62
3,412821 62
3,421023 63
3,430506 63
3,44055 62
3,45105 62
3,465051 63
3,475433 63
3,48383 62
3,493018 62
3,501398 63
3,510355 63
3,518942 64
3,527719 64
3,536131 63
3,544916 63
3,55371 62
3,562995 62
3,571973 61
3,580818 61
3,589565 62
3,599124 62
3,609151 63
3,619074 63
3,628361 64
3,637131 64
3,645601 65
3,654251 65
3,663476 64
3,673111 64
3,68203 63
3,691492 63
3,700398 62
3,710424 62
3,720248 61
3,732735 61
3,741695 62
3,750604 62
3,760053 61
3,769977 61
3,779224 60
3,787639 60
3,796318 61
3,804915 61
3,813895 62
3,821936 62
3,831093 63
3,839715 63
3,848846 64
3,857743 64
3,866206 63
3,875086 63
3,88391 64
3,892776 64
3,900993 63
3,909715 63
3,918475 62
3,927113 62
3,935383 61
3,944352 61
3,952761 62
3,962011 62
3,970876 61
3,980088 61
3,988377 60
3,99766 60
4,010821 59
4,019147 59
4,027981 58
4,037297 58
4,048528 59
4,058393 59
4,067126 60
4,076287 60
4,086781 61
4,095892 61
4,104136 62
4,112848 62
4,121033 63
4,129966 63
4,138273 64
4,147326 64
4,155665 63
4,16494 63
4,173486 62
4,183713 62
4,192937 61
4,201243 61
4,210681 60
4,219477 60
4,22822 61
4,236579 61
4,245681 60
4,254367 60
4,263646 61
4,272306 61
4,281448 60
4,290424 60
4,302981 59
4,312612 59
4,321209 60
4,330493 60
4,338898 59
4,348289 59
4,356598 60
4,365963 60
4,374938 61
4,383556 61
4,392549 62
4,400916 62
4,409624 61
4,417891 61
4,426363 60
4,434773 60
4,443373 59
4,452911 59
4,462475 58
4,470897 58
4,479434 57
4,487629 57
4,496409 56
4,50522 56
4,514359 55
4,522984 55
4,532094 56
4,541485 56
4,550452 57
4,559967 57
4,568543 58
4,577689 58
4,587347 59
4,59715 59
4,610461 60
4,61908 60
4,627963 59
4,636618 59
4,646147 60
4,655804 60
4,665653 61
4,67527 61
4,68355 62
4,693082 62
4,701653 63
4,712075 63
4,721146 62
4,730026 62
4,738554 61
4,748334 61
4,762808 60
4,771111 60
4,779541 59
4,788071 59
4,796462 58
4,804491 58
4,81335 57
4,821595 57
4,830198 58
4,838929 58
4,848167 59
4,856812 59
4,865673 60
4,874872 60
4,883121 59
4,895679 59
4,907095 60
4,917021 60
4,926228 61
4,935363 61
4,945006 60
4,954055 60
4,963548 59
4,972046 59
4,981256 58
4,990283 58
4,999663 59
5,009003 59
5,017083 58
5,025732 58
5,033976 57
5,042979 57
5,051215 56
5,059947 56
5,068592 55
5,077073 55
5,085642 54
5,094853 54
5,10323 55
5,11191 55
5,120132 56
5,131616 56
5,139909 57
5,149343 57
5,157553 58
5,166917 58
5,176212 59
5,185224 59
5,194561 58
5,203527 58
5,213142 57
5,222174 57
5,232007 56
5,24072 56
5,249869 55
5,259792 55
5,269418 54
5,278984 54
5,287673 55
5,296547 55
5,304715 56
5,313807 56
5,322046 57
5,33089 57
5,340233 56
5,350361 56
5,359346 55
5,367909 55
5,380495 54
5,38916 54
5,398787 55
5,407595 55
5,41724 56
5,426743 56
5,435443 55
5,444302 55
5,453163 54
5,463198 54
5,472665 55
5,482402 55
5,491462 56
5,50141 56
5,510551 57
5,518974 57
5,52791 58
5,536304 58
5,544931 57
5,55405 57
5,563279 56
5,57181 56
5,580954 55
5,590489 55
5,599608 56
5,608603 56
5,616746 55
5,628962 55
5,637311 54
5,646229 54
5,65476 53
5,663607 53
5,672535 52
5,682478 51
5,692311 51
5,701951 52
5,712101 53
5,720854 53
5,729493 53
5,738062 52
5,747753 52
5,756999 52
5,766834 52
5,776526 51
5,785473 51
5,794472 50
5,803074 50
5,812506 49
5,820874 49
5,829956 48
5,838181 48
5,847398 47
5,85549 47
5,86481 46
5,873048 46
5,88223 45
5,894652 45
5,90334 44
5,912642 44
5,921483 43
5,930464 43
5,939617 42
5,949794 42
5,960444 41
5,96993 41
5,978867 40
5,987365 40
5,997001 39
6,005511 39
6,015521 38
6,024188 38
6,034849 39
6,044033 39
6,05288 38
6,061858 38
6,070976 39
6,080116 38
6,089764 38
6,099625 38
6,109333 39
6,117939 39
6,127135 40
6,135881 40
6,145416 39
6,154982 39
6,163977 38
6,173083 38
6,186671 37
6,196364 37
6,207553 36
6,218365 36
6,227688 37
6,235893 37
6,245321 36
6,253894 36
6,264471 37
6,273711 38
6,28326 38
6,293787 37
6,302788 37
6,312089 36
6,320966 36
6,329727 37
6,338606 37
6,347646 38
6,356345 38
6,365414 39
6,374958 39
6,384192 38
6,39401 38
6,402916 39
6,411909 39
6,420427 38
6,429652 38
6,438076 37
6,448067 37
6,456555 36
6,46738 36
6,476861 37
6,488461 37
6,497674 36
6,507334 36
6,517179 37
6,526937 37
6,535599 38
6,544939 38
6,554358 39
6,563319 39
6,572028 40
6,580952 40
6,590205 41
6,600863 41
6,610002 42
6,618891 42
6,627935 41
6,636633 41
6,645494 40
6,654521 40
6,663318 39
6,672177 39
6,680711 40
6,689038 40
6,697519 41
6,705969 41
6,716916 42
6,727427 42
6,736697 41
6,745971 41
6,754856 42
6,763949 42
6,773241 41
6,78232 41
6,790807 42
6,804198 42
6,814104 43
6,822587 43
6,831532 42
6,840443 42
6,849802 41
6,858355 41
6,867844 42
6,877927 42
6,887577 41
6,896515 41
6,904928 42
6,914164 42
6,922772 43
6,931767 43
6,940514 42
6,950089 42
6,960244 43
6,968745 43
6,977371 42
6,985924 42
6,994349 43
7,002752 43
7,011869 44
7,020184 44
7,028944 43
7,037474 43
7,046558 44
7,054992 44
7,063511 43
7,072688 43
7,081978 42
7,091246 42
7,100788 43
7,110193 43
7,122076 42
7,131627 42
7,139797 43
7,149137 43
7,157514 42
7,166765 42
7,176801 41
7,18599 41
7,195294 40
7,204184 40
7,213551 41
7,22227 41
7,230766 40
7,239047 40
7,247859 41
7,256573 41
7,265978 42
7,27489 42
7,283641 43
7,292599 43
7,300927 44
7,310131 44
7,318763 45
7,328902 45
7,337664 46
7,347366 46
7,355716 45
7,364377 45
7,372859 44
7,382475 44
7,391239 45
7,400318 45
7,409375 44
7,418011 44
7,428165 43
7,437645 43
7,447482 42
7,456175 42
7,468805 41
7,481459 41
7,493594 40
7,502008 40
7,511386 39
7,520165 39
7,528977 38
7,537378 38
7,546059 39
7,554333 39
7,563314 38
7,57185 38
7,580536 39
7,589516 39
7,598535 40
7,607745 40
7,616575 41
7,625804 41
7,634507 40
7,643445 40
7,652241 41
7,661481 41
7,671116 40
7,679519 40
7,687723 39
7,700064 39
7,710372 40
7,719778 40
7,729175 39
7,73752 39
7,746289 40
7,755327 40
7,764802 41
7,773942 41
7,783823 42
7,792881 42
7,801157 43
7,810836 43
7,819685 44
7,828787 44
7,837392 43
7,84698 43
7,856075 42
7,865732 42
7,874874 43
7,884851 43
7,894883 42
7,903759 42
7,913144 41
7,922595 41
7,931604 42
7,939878 42
7,948797 41
7,961087 41
7,969784 42
7,979108 42
7,987914 41
7,997225 41
8,005856 40
8,015379 40
8,024258 41
8,034916 41
8,044144 40
8,053362 40
8,062313 41
8,071182 41
8,080076 40
8,089462 40
8,098385 41
8,107824 41
8,117577 40
8,12714 40
8,135614 39
8,145411 39
8,154776 38
8,163528 38
8,171858 39
8,181089 39
8,190012 40
8,198965 40
8,20834 41
8,218054 41
8,23077 42
8,239756 42
8,249371 43
8,258236 43
8,268166 42
8,277161 42
8,285416 41
8,29483 41
8,303593 42
8,312424 42
8,320644 41
8,329674 41
8,33823 40
8,34721 40
8,355391 41
8,364368 41
8,373268 42
8,382654 42
8,391085 41
8,401213 41
8,410936 40
8,419607 40
8,428513 41
8,437014 41
8,44603 40
8,454494 40
8,463642 41
8,471933 41
8,480928 40
8,489437 40
8,50079 41
8,509348 41
8,51832 40
8,527636 40
8,536301 41
8,545645 41
8,554558 40
8,563585 40
8,572222 41
8,581495 41
8,590559 42
8,601101 42
8,612196 41
8,621063 41
8,629944 42
8,638462 42
8,649027 41
8,658493 41
8,669014 40
8,678665 40
8,687601 41
8,697054 41
8,705896 40
8,715755 40
8,725065 41
8,735039 41
8,744507 42
8,753313 42
8,762724 41
8,771635 41
8,780472 40
8,789696 40
8,802708 39
8,81242 39
8,821531 38
8,830595 38
8,83922 37
8,848063 37
8,856337 36
8,865282 36
8,874004 37
8,88348 37
8,892727 36
8,902029 36
8,912613 37
8,921032 37
8,929501 36
8,938217 36
8,947044 37
8,955366 37
8,964249 36
8,972702 36
8,981632 37
8,99028 37
8,999258 36
9,00832 36
9,019314 37
9,029394 37
9,038692 38
9,048412 38
9,058214 39
9,069906 39
9,080105 40
9,090601 40
9,100435 41
9,115173 41
9,124374 42
9,135237 42
9,145496 41
9,155237 41
9,165649 40
9,179178 40
9,18874 39
9,199427 39
9,210081 38
9,221222 38
9,23068 37
9,239859 37
9,249681 36
9,259403 36
9,269825 37
9,279696 37
9,289789 38
9,299191 38
9,308754 39
9,319712 39
9,329224 40
9,33927 40
9,349245 41
9,358675 41
9,369127 42
9,37908 42
9,388264 41
9,397985 41
9,407122 42
9,416693 42
9,426334 43
9,43652 43
9,445978 44
9,455795 44
9,470888 43
9,480352 43
9,490059 42
9,500139 42
9,50964 41
9,519938 41
9,54196 42
9,551548 42
9,560835 41
9,570759 41
9,58073 42
9,590399 42
9,599829 43
9,609303 43
9,619648 44
9,629866 44
9,639219 45
9,648853 45
9,658489 46
9,669622 46
9,679438 47
9,689468 47
9,698982 46
9,713581 46
9,723568 45
9,735071 45
9,744659 44
9,754641 44
9,764309 43
9,77454 43
9,785614 42
9,795729 42
9,805498 41
9,815487 41
9,824848 40
9,83765 40
9,850283 39
9,861799 39
9,874876 38
9,88686 38
9,897549 37
9,90752 37
9,917309 36
9,926079 36
9,935608 37
9,945019 37
9,953756 36
9,963453 36
9,972639 37
9,98139 37
9,989851 38
10,00315 38
10,01288 39
10,02184 39
10,03102 40
10,03956 40
10,04838 41
10,05683 41
10,06618 40
10,07554 40
10,08568 39
10,09556 39
10,104 38
10,11283 38
10,12152 37
10,1307 37
10,13973 36
10,14912 36
10,15782 37
10,16891 37
10,17817 36
10,18767 36
10,19669 37
10,20587 37
10,2156 36
10,22443 36
10,23392 37
10,24288 37
10,25217 36
10,26399 36
10,27697 37
10,28696 37
10,29658 36
10,30539 36
10,31414 37
10,32318 37
10,3319 36
10,34058 36
10,3501 37
10,35882 37
10,36863 38
10,37761 38
10,38671 39
10,39618 39
10,40561 40
10,4157 40
10,42434 41
10,43373 41
10,44226 42
10,4516 42
10,46159 43
10,47168 43
10,48011 44
10,48871 44
10,49795 45
10,50676 45
10,51652 46
10,526 46
10,53499 47
10,54783 47
10,55661 48
10,56603 48
10,57504 47
10,58561 47
10,59492 46
10,60379 46
10,61253 45
10,62152 45
10,63048 44
10,63898 44
10,64857 45
10,65774 45
10,66681 46
10,67546 46
10,68527 47
10,69433 47
10,7029 46
10,71293 46
10,72152 47
10,73112 47
10,74014 48
10,74953 48
10,75823 47
10,76791 47
10,77624 48
10,78608 48
10,79518 47
10,8037 47
10,81263 48
10,8208 48
10,82943 49
10,84147 49
10,85465 50
10,8634 50
10,87244 49
10,88196 49
10,89067 48
10,90051 48
10,91072 47
10,92111 47
10,93019 48
10,93894 48
10,94871 49
10,95902 49
10,96969 48
10,97885 48
10,98787 49
10,99659 49
11,00507 48
11,0139 48
11,02269 49
11,03148 49
11,03993 48
11,0489 48
11,05711 47
11,06603 47
11,07491 48
11,08518 48
11,09846 47
11,10806 47
11,11811 48
11,12788 48
11,13757 49
11,1475 49
11,15755 48
11,16694 48
11,17621 47
11,18575 47
11,19604 48
11,20461 48
11,21361 49
11,22332 49
11,23287 48
11,24209 48
11,25195 47
11,26216 47
11,27093 48
11,27994 48
11,2886 49
11,29748 49
11,30695 48
11,3161 48
11,32465 47
11,33489 47
11,34373 48
11,35304 48
11,36244 47
11,37654 47
11,38616 46
11,39557 46
11,40416 47
11,41306 47
11,42172 46
11,43081 46
11,43955 45
11,44874 45
11,45717 44
11,46643 44
11,47568 45
11,48508 45
11,49402 44
11,50307 44
11,51251 45
11,52122 45
11,53021 46
11,53899 46
11,54865 47
11,55741 47
11,56711 48
11,57567 48
11,58712 47
11,59674 47
11,60524 46
11,61455 46
11,62311 45
11,63261 45
11,64137 44
11,65409 44
11,6633 45
11,67248 45
11,68203 46
11,69139 46
11,70031 47
11,71025 47
11,72005 46
11,72979 46
11,73848 47
11,74752 47
11,75616 46
11,76549 46
11,77419 45
11,78355 45
11,79229 46
11,80227 46
11,8128 45
11,82209 45
11,83138 44
11,83991 44
11,84857 45
11,85689 45
11,866 44
11,87515 44
11,88411 43
11,8928 43
11,90158 44
11,91035 44
11,91985 45
11,92994 45
11,94292 46
11,9538 46
11,96346 47
11,97273 47
11,9816 48
11,9902 48
11,99882 47
12,00744 47
12,01625 46
12,02522 46
12,03466 47
12,04356 47
12,05291 46
12,062 46
12,07084 47
12,08075 47
12,08997 46
12,0986 46
12,10754 47
12,11674 47
12,12591 46
12,13585 46
12,14548 47
12,15515 47
12,16433 46
12,1741 46
12,18312 45
12,19226 45
12,20104 44
12,21088 44
12,22028 45
12,22951 45
12,23792 44
12,24706 44
12,25928 43
12,26935 43
12,27868 42
12,28791 42
12,2976 41
12,30759 41
12,31695 40
12,32586 40
12,33733 39
12,34729 39
12,35572 38
12,36453 38
12,37337 39
12,3823 39
12,39134 38
12,4004 38
12,40987 39
12,41977 39
12,42957 38
12,43852 38
12,44713 39
12,45563 39
12,46433 38
12,47307 38
12,48195 39
12,49072 39
12,50007 38
12,5084 38
12,51732 39
12,52622 39
12,53629 38
12,54515 38
12,55408 39
12,56347 39
12,57228 40
12,5851 40
12,59402 41
12,60381 41
12,61349 42
12,62285 42
12,63181 43
12,64037 43
12,64945 44
12,6577 44
12,66668 45
12,67536 45
12,6848 46
12,69315 46
12,70213 47
12,71194 47
12,72119 48
12,73096 48
12,73962 47
12,7494 47
12,758 46
12,76736 46
12,77691 45
12,78617 45
12,79482 44
12,80373 44
12,81255 45
12,82098 45
12,8298 44
12,83891 44
12,84766 43
12,85587 43
12,86439 42
12,87278 42
12,88173 41
12,89051 41
12,89957 40
12,91253 40
12,92127 39
12,93106 39
12,93957 38
12,9493 38
12,95981 37
12,97144 37
12,98066 36
12,99051 36
12,99969 37
13,00894 37
13,01754 38
13,02707 38
13,0365 37
13,0465 37
13,05612 36
13,06546 36
13,07418 37
13,08378 37
13,0928 38
13,10226 38
13,11127 39
13,12148 39
13,1308 38
13,1402 38
13,14882 39
13,15725 39
13,1664 38
13,17528 38
13,18404 37
13,19298 37
13,20191 36
13,21196 36
13,22142 37
13,23087 37
13,23888 36
13,24794 36
13,25614 37
13,26505 37
13,27742 36
13,28705 36
13,29622 37
13,30548 37
13,31465 36
13,32406 36
13,33405 37
13,34276 37
13,35166 36
13,35985 36
13,36939 37
13,37776 37
13,38775 36
13,39676 36
13,40565 37
13,41451 37
13,42262 36
13,43148 36
13,43969 37
13,44887 37
13,45713 36
13,46658 36
13,47539 37
13,48465 38
13,49354 38
13,5026 38
13,51163 38
13,52098 39
13,53096 39
13,54077 40
13,551 40
13,5604 41
13,57155 41
13,5812 42
13,59024 42
13,59915 43
13,60814 43
13,61749 44
13,62641 44
13,63567 43
13,64459 43
13,65729 44
13,67073 44
13,68055 45
13,68954 45
13,69826 46
13,70698 46
13,71622 47
13,72498 47
13,73473 48
13,74307 48
13,75238 47
13,76125 47
13,77187 46
13,78148 46
13,79065 47
13,79958 47
13,8083 48
13,81729 48
13,82609 49
13,8363 49
13,84569 50
13,85441 50
13,86412 49
13,87286 49
13,88167 48
13,8903 48
13,90364 47
13,9145 47
13,92315 48
13,93278 48
13,94147 47
13,95119 47
13,9611 46
13,97109 46
13,98015 45
13,98879 45
13,99782 46
14,00665 46
14,01677 47
14,02567 47
14,0358 48
14,04534 48
14,05527 47
14,06416 47
14,07292 46
14,08142 46
14,09043 47
14,09947 48
14,10804 49
14,11704 49
14,12555 50
14,13478 50
14,14341 51
14,15314 51
14,16193 52
14,17479 52
14,18433 53
14,1935 53
14,20279 52
14,21291 52
14,22242 51
14,23106 51
14,23932 52
14,24798 51
14,25636 51
14,26475 51
14,27324 52
14,28181 52
14,29026 51
14,29919 50
14,30775 49
14,31687 49
14,32595 50
14,33563 50
14,34411 49
14,35347 49
14,36193 48
14,37138 48
14,38184 47
14,39057 47
14,39976 46
14,40862 46
14,41919 45
14,42825 45
14,43756 44
14,44685 44
14,45854 45
14,46791 45
14,4775 44
14,48794 44
14,49737 45
14,50601 45
14,51526 46
14,52331 46
14,53241 45
14,54062 45
14,54993 44
14,55798 44
14,56684 43
14,57534 43
14,58551 42
14,59487 42
14,60377 43
14,61224 43
14,62177 42
14,63161 42
14,64017 41
14,64901 41
14,65742 40
14,66635 40
14,67511 39
14,68375 39
14,69293 40
14,70176 40
14,7118 39
14,72152 38
14,73123 38
14,73966 38
14,75224 39
14,76089 39
14,77194 40
14,78222 40
14,79109 39
14,8005 39
14,80955 40
14,81938 40
14,82838 41
14,8385 41
14,84809 42
14,85687 42
14,86575 43
14,87443 43
14,88373 44
14,89317 44
14,90257 43
14,91148 43
14,92162 44
14,93165 44
14,94061 45
14,95008 45
14,96007 46
14,96962 46
14,97816 47
14,98765 47
14,99695 48
15,00638 48
15,01615 47
15,02496 47
15,0344 48
15,04302 48
15,05338 47
15,06438 47
15,07853 46
15,09002 46
15,1003 45
15,10953 45
15,11941 46
15,12849 45
15,13955 45
15,14967 46
15,1589 46
15,16862 45
15,18147 45
15,19117 46
15,20023 46
15,2096 45
15,21959 45
15,22879 46
15,24019 46
15,25079 45
15,26012 45
15,27027 44
15,27918 44
15,28964 43
15,29862 43
15,30769 42
15,31687 42
15,32622 43
15,33665 43
15,3479 42
15,35733 42
15,36661 41
15,3766 41
15,38616 41
15,39564 40
15,40502 40
15,41606 41
15,4296 42
15,44026 42
15,44996 41
15,46046 41
15,47087 40
15,48044 40
15,48955 40
15,49995 39
15,50883 39
15,51868 38
15,52881 38
15,54005 39
15,5502 39
15,55968 38
15,56963 38
15,57987 37
15,59168 37
15,60188 36
15,61192 36
15,6238 37
15,63372 37
15,64332 36
15,65281 36
15,66165 37
15,67136 37
15,6811 38
15,69033 38
15,69956 39
15,70983 40
15,71952 40
15,72782 39
15,73746 39
15,74683 40
15,75567 40
15,76581 39
15,77516 39
15,78434 38
15,79332 38
15,80678 39
15,81602 39
15,82579 40
15,83697 40
15,8459 39
15,85595 39
15,86556 38
15,87494 38
15,88463 39
15,89388 39
15,90349 38
15,91255 38
15,92204 39
15,93222 39
15,94066 38
15,94972 38
15,95883 39
15,96856 39
15,97697 38
15,98617 38
15,99533 39
16,00506 39
16,01516 38
16,02428 38
16,03331 39
16,04207 39
16,051 40
16,05941 40
16,06833 39
16,07704 39
16,08746 40
16,09878 40
16,10899 41
16,11874 41
16,12829 40
16,13896 40
16,14931 41
16,15908 41
16,1689 42
16,18258 42
16,19596 41
16,20638 41
16,21727 40
16,22681 40
16,23601 39
16,24506 39
16,25519 38
16,26441 38
16,27344 39
16,28242 39
16,29197 40
16,30135 40
16,31062 41
16,31941 41
16,32855 40
16,33917 40
16,34813 41
16,35641 41
16,36532 40
16,37405 40
16,38262 41
16,39128 41
16,40042 40
16,40943 40
16,41859 39
16,42726 39
16,43656 38
16,44511 38
16,45464 37
16,46456 37
16,47328 36
16,48234 36
16,49107 37
16,50003 37
16,50867 36
16,51732 36
16,52589 37
16,53506 37
16,54421 36
16,55449 36
16,56329 37
16,57676 37
16,58755 36
16,59731 36
16,60604 37
16,61515 37
16,62324 36
16,63264 36
16,64098 37
16,65005 37
16,65897 36
16,66804 36
16,67656 37
16,68582 37
16,69435 36
16,70368 36
16,71332 37
16,72281 37
16,73218 36
16,74074 36
16,74929 37
16,75805 37
16,76669 36
16,77498 36
16,78372 37
16,79276 37
16,80155 36
16,81052 36
16,81983 37
16,82827 37
16,83822 36
16,84827 36
16,8567 37
16,86589 37
16,87458 36
16,88425 36
16,89414 37
16,90417 37
16,91345 36
16,92387 36
16,93346 37
16,94267 37
16,95165 36
16,96111 36
16,97394 37
16,98668 37
16,99576 36
17,00567 36
17,01577 37
17,02458 37
17,03387 36
17,04276 36
17,05233 37
17,06078 37
17,06987 36
17,07828 36
17,08744 37
17,09562 37
17,10525 36
17,11451 36
17,12367 37
17,13272 37
17,14144 36
17,1517 36
17,16241 37
17,17269 37
17,18276 36
17,1917 36
17,20043 37
17,21425 37
17,22308 36
17,23252 36
17,24074 37
17,24922 37
17,25748 36
17,26624 36
17,27443 37
17,28336 37
17,2916 36
17,30013 36
17,30859 37
17,31762 37
17,32588 36
17,33571 36
17,34529 37
17,35429 37
17,36287 36
17,37227 36
17,38115 37
17,39013 37
17,39935 36
17,40833 36
17,41698 37
17,42532 37
17,43382 36
17,44201 36
17,45062 37
17,4598 37
17,46852 36
17,4823 36
17,49133 37
17,50028 37
17,50918 38
17,51804 38
17,52634 37
17,53528 37
17,54348 36
17,55236 36
17,56102 37
17,57003 37
17,57837 38
17,58824 38
17,5966 39
17,60593 39
17,61571 40
17,62477 40
17,63369 41
17,64249 41
17,65171 42
17,66037 42
17,66959 43
17,6782 43
17,68752 44
17,69614 44
17,70539 45
17,71494 45
17,72436 44
17,7336 44
17,74171 43
17,75067 43
17,76336 44
17,77359 44
17,78314 45
17,79165 45
17,80028 44
17,80943 44
17,81867 43
17,82745 43
17,83781 44
17,84705 44
17,85606 43
17,86559 43
17,87436 42
17,88332 42
17,8926 41
17,90187 41
17,9108 40
17,92023 40
17,92926 41
17,93908 41
17,94891 40
17,95793 40
17,96717 41
17,97601 41
17,9854 42
17,99454 42
18,00357 41
18,01248 41
18,02157 42
18,03007 42
18,0391 41
18,04866 41
18,06082 42
18,06951 42
18,07789 41
18,0877 41
18,09669 40
18,10678 40
18,11656 41
18,12521 41
18,13378 42
18,14355 42
18,15252 43
18,16121 43
18,17045 42
18,17951 42
18,19298 41
18,20603 41
18,21861 42
18,23214 42
18,2449 43
18,257 43
18,26765 42
18,2807 42
18,29032 43
18,29939 43
18,30783 42
18,31696 42
18,32636 43
18,33687 43
18,34533 42
18,35481 42
18,36346 43
18,3738 43
18,38345 42
18,39228 42
18,40455 43
18,41316 43
18,42246 42
18,43207 42
18,44082 43
18,45022 43
18,46107 44
18,47096 44
18,47928 43
18,48961 43
18,49862 42
18,5077 42
18,51674 41
18,52552 41
18,53419 40
18,54304 40
18,55231 39
18,5617 39
18,57162 38
18,5802 38
18,59024 39
18,60059 39
18,60989 38
18,61899 38
18,62755 39
18,6369 39
18,64621 40
18,65629 40
18,66565 39
18,67467 39
18,68376 40
18,69338 40
18,7029 41
18,71302 41
18,7224 40
18,73209 40
18,74534 41
18,75491 41
18,7639 42
18,77318 42
18,78287 43
18,79174 43
18,80076 42
18,80957 42
18,81871 43
18,82802 43
18,83816 44
18,84746 44
18,85654 43
18,86639 43
18,87524 44
18,88472 44
18,89408 43
18,9035 43
18,91265 42
18,92236 42
18,93164 43
18,94104 43
18,95031 42
18,96031 42
18,96969 41
18,97842 41
18,98714 42
18,99603 42
19,00522 41
19,01444 41
19,02427 42
19,03389 42
19,04276 41
19,05218 41
19,06082 42
19,07029 42
19,07894 41
19,09445 41
19,10437 40
19,1135 40
19,12312 41
19,13271 41
19,14165 40
19,15098 40
19,15981 41
19,16923 41
19,18093 40
19,19033 40
19,19935 40
19,20819 39
19,23689 39
19,24697 38
19,25763 38
19,2674 37
19,27674 36
19,28617 36
19,29482 37
19,3038 37
19,3127 38
19,32245 38
19,33133 39
19,34072 39
19,35099 39
19,35987 40
19,36889 40
19,37757 41
19,38678 41
19,396 40
19,40558 40
19,41526 39
19,42379 39
19,43366 38
19,4423 38
19,45143 37
19,46142 37
19,4713 36
19,47979 36
19,48959 37
19,49849 37
19,50838 36
19,51719 36
19,5296 37
19,54215 37
19,55387 36
19,56215 36
19,57182 37
19,58047 37
19,59124 38
19,60099 39
19,61013 39
19,61961 38
19,62879 38
19,63871 37
19,64752 37
19,65681 36
19,66702 36
19,6769 37
19,68624 37
19,69548 36
19,70442 36
19,71395 37
19,72329 37
19,73293 38
19,74179 38
19,75056 39
19,75931 39
19,76834 38
19,77713 38
19,78612 39
19,79551 39
19,80468 38
19,81363 38
19,82586 37
19,83618 37
19,84514 36
19,85444 36
19,86253 37
19,87112 37
19,87929 36
19,88875 36
19,89761 37
19,90718 37
19,91579 38
19,92429 38
19,93336 39
19,94157 39
19,95049 40
19,96051 40
19,96939 39
19,97865 39
19,98724 38
19,99566 38
20,00456 39
20,01339 39
20,02201 40
20,03052 40
20,03953 41
20,04885 41
20,05724 40
20,06594 40
20,0749 39
20,08448 39
20,09503 38
20,10366 38
20,112 37
20,12473 37
20,13379 36
20,14205 36
20,15083 37
20,15932 37
20,16811 36
20,17675 36
20,18544 37
20,19385 37
20,20232 38
20,21182 38
20,22071 39
20,22908 39
20,23801 40
20,24771 40
20,25719 41
20,26628 42
20,27503 42
20,28435 41
20,29387 42
20,30363 42
20,31305 41
20,32252 41
20,33177 40
20,341 40
20,35076 39
20,35958 39
20,36816 38
20,37684 38
20,38648 39
20,39498 39
20,40365 38
20,41205 38
20,42046 37
20,43329 37
20,44143 36
20,45067 36
20,46047 37
20,46946 37
20,4779 36
20,48702 36
20,4954 37
20,50487 37
20,51311 38
20,52212 38
20,53079 39
20,54045 39
20,55006 38
20,55848 38
20,5672 39
20,57575 39
20,5857 38
20,59489 38
20,60353 39
20,61193 39
20,62038 38
20,62951 38
20,63846 39
20,64762 39
20,65749 40
20,66666 40
20,67524 39
20,68417 39
20,6934 38
20,70261 38
20,7115 39
20,72043 39
20,72911 38
20,73798 38
20,75183 39
20,76101 39
20,77077 38
20,77923 38
20,78879 39
20,7979 39
20,80771 38
20,81721 38
20,82617 39
20,83654 39
20,84564 38
20,85493 38
20,86343 39
20,87346 39
20,88213 38
20,89211 38
20,90165 39
20,91034 39
20,91997 38
20,92974 38
20,9393 39
20,94825 39
20,95742 38
20,96701 38
20,97563 39
20,98453 39
20,99294 38
21,00141 38
21,01018 39
21,01892 39
21,02906 38
21,03824 38
21,04696 39
21,05632 39
21,06538 38
21,07474 38
21,08374 39
21,09288 39
21,10528 38
21,11452 38
21,1242 39
21,13325 39
21,14173 38
21,15116 38
21,15961 39
21,16843 39
21,17685 38
21,18568 38
21,19422 37
21,20285 37
21,21227 36
21,22162 36
21,23094 37
21,2404 37
21,24985 36
21,25875 36
21,26798 37
21,27664 37
21,28557 36
21,2954 36
21,30419 37
21,31274 37
21,32169 36
21,33209 36
21,34236 37
21,35313 37
21,36215 36
21,37112 36
21,37946 37
21,38828 37
21,39672 36
21,40598 36
21,41483 37
21,42453 37
21,43386 36
21,4429 36
21,4523 37
21,4661 37
21,47571 36
21,4851 36
21,49391 37
21,50309 37
21,51212 36
21,52125 36
21,53018 37
21,53949 37
21,54852 36
21,55917 36
21,56816 37
21,57704 38
21,58669 38
21,59566 37
21,60435 37
21,61329 36
21,6226 36
21,63174 37
21,64196 37
21,65171 36
21,6605 36
21,67006 37
21,67906 37
21,68851 36
21,69744 36
21,7073 37
21,71661 37
21,72602 36
21,73512 36
21,74425 37
21,75357 37
21,76254 36
21,77162 36
21,78052 37
21,79013 37
21,7998 38
21,80964 38
21,8193 39
21,82822 39
21,83834 40
21,84755 40
21,86128 41
21,8701 41
21,87836 42
21,8874 43
21,89643 43
21,90539 42
21,91479 42
21,92384 41
21,93382 41
21,94264 40
21,95199 40
21,96173 39
21,97125 39
21,9803 38
21,98951 38
21,99822 39
22,00811 39
22,01726 38
22,02588 38
22,03557 39
22,04478 39
22,05408 40
22,06305 40
22,07223 41
22,08121 41
22,09229 40
22,10271 40
22,11229 39
22,12175 39
22,13135 38
22,14095 38
22,15564 37
22,17177 37
22,18335 36
22,19372 36
22,20295 37
22,21275 37
22,22218 36
22,23121 36
22,24081 37
22,25005 37
22,2595 38
22,26876 38
22,28084 39
22,29472 39
22,30402 40
22,31287 41
22,32189 41
22,33123 40
22,34098 40
22,35009 39
22,3592 39
22,3696 38
22,37865 38
22,38951 39
22,3992 39
22,40921 38
22,41852 38
22,42821 39
22,43748 39
22,44706 38
22,45626 38
22,46616 39
22,47548 39
22,48547 38
22,49427 38
22,50367 37
22,51232 37
22,52234 36
22,53173 36
22,54137 37
22,55058 37
22,56327 36
22,57273 36
22,58118 37
22,59056 37
22,59985 36
22,60935 36
22,61847 37
22,62762 37
22,63651 36
22,64537 36
22,65495 37
22,66381 37
22,67375 36
22,68225 36
22,69171 37
22,70057 37
22,71101 36
22,72008 36
22,72905 37
22,73788 37
22,74702 36
22,75639 36
22,7655 37
22,77524 37
22,78485 36
22,79362 36
22,80302 37
22,81193 37
22,82082 36
22,83014 36
22,84025 37
22,84894 37
22,85883 36
22,87159 36
22,88066 37
22,88991 37
22,89858 36
22,90794 36
22,91687 37
22,92562 37
22,93468 36
22,94336 36
22,95287 37
22,96201 37
22,97193 36
22,98035 36
22,98972 37
22,99818 37
23,0081 36
23,01797 36
23,02683 37
23,03608 37
23,04522 36
23,05453 36
23,06372 37
23,07301 37
23,08183 36
23,09232 36
23,10197 37
23,11147 37
23,12027 36
23,12882 36
23,13966 37
23,14833 37
23,15746 36
23,16567 36
23,17451 37
23,18401 37
23,19656 36
23,206 36
23,21502 37
23,22397 37
23,23245 36
23,24104 36
23,24945 37
23,2582 37
23,26795 36
23,27649 36
23,28541 37
23,29397 37
23,30293 38
23,31165 38
23,32177 39
23,33121 39
23,34177 38
23,35139 38
23,36015 39
23,36931 39
23,37782 38
23,38659 38
23,39503 39
23,40404 39
23,41344 38
23,42286 38
23,43217 39
23,44181 39
23,45228 38
23,46165 38
23,47185 39
23,4805 39
23,48989 40
23,49856 40
23,50865 39
23,51793 39
23,53051 40
23,54 41
23,54926 41
23,55924 40
23,56835 40
23,57681 39
23,58682 39
23,59553 38
23,60468 38
23,61344 39
23,62292 39
23,63221 40
23,64207 40
23,6517 41
23,6609 41
23,66982 40
23,67877 40
23,68768 39
23,6964 39
23,70571 38
23,71514 38
23,72446 37
23,73333 37
23,74232 36
23,75146 36
23,75984 37
23,76923 37
23,77746 36
23,78616 36
23,7943 37
23,80285 37
23,81096 38
23,81929 38
23,82784 39
23,83779 39
23,84634 40
23,85517 40
23,86326 41
23,87728 41
23,88758 42
23,89741 42
23,90795 43
23,91752 43
23,92878 44
23,93889 44
23,9485 45
23,95819 45
23,96742 46
23,97659 46
23,98583 45
23,99548 45
24,00447 46
24,01308 46
24,02239 45
24,03093 45
24,04029 46
24,04953 46
24,05946 47
24,06995 47
24,07909 46
24,08988 46
24,09904 45
24,10932 45
24,11883 44
24,12766 44
24,13783 43
24,14724 43
24,15617 44
24,16538 44
24,17653 43
24,18633 43
24,19507 42
24,20524 42
24,2153 43
24,22587 43
24,23555 42
24,24406 42
24,25654 43
24,26555 43
24,27545 42
24,28465 42
24,29336 41
24,30427 41
24,31319 40
24,32207 40
24,3308 41
24,34015 41
24,34929 40
24,35837 40
24,36729 39
24,37681 39
24,38651 40
24,39548 40
24,40476 39
24,41404 39
24,4231 40
24,43222 40
24,44197 39
24,45219 39
24,4632 40
24,47289 40
24,48116 39
24,49119 39
24,49933 38
24,50879 38
24,5178 39
24,52726 39
24,53679 38
24,54532 38
24,55443 39
24,56346 39
24,57198 40
24,58044 40
24,59012 41
24,59842 41
24,6075 40
24,61632 40
24,62651 41
24,63653 41
24,64879 42
24,65878 42
24,66723 43
24,67616 43
24,68516 44
24,694 44
24,70319 45
24,71366 45
24,72341 44
24,73184 44
24,74075 45
24,74911 45
24,7585 44
24,76723 44
24,77663 45
24,78612 45
24,79453 46
24,80316 46
24,81159 45
24,81991 45
24,82822 46
24,83763 46
24,84647 47
24,85546 47
24,86372 46
24,87256 46
24,88076 47
24,88962 47
24,89771 46
24,90648 46
24,91474 45
24,92372 45
24,93208 46
24,94193 46
24,95047 47
24,96071 47
24,97003 46
24,9781 46
24,98661 45
24,9948 45
25,00333 44
25,0118 44
25,02069 45
25,03024 45
25,04307 44
25,053 44
25,06114 45
25,06981 45
25,07815 46
25,08684 46
25,09566 47
25,10505 47
25,11428 46
25,12352 46
25,13201 45
25,14145 45
25,14998 46
25,15934 46
25,1681 45
25,17705 45
25,18594 44
25,19453 44
25,20315 45
25,21242 45
25,22116 46
25,22958 46
25,23863 45
25,24705 45
25,25562 46
25,26426 46
25,27293 47
25,28137 47
25,28983 48
25,29804 48
25,30686 49
25,31544 49
25,32453 48
25,33425 48
25,34368 47
25,35353 47
25,36264 48
25,37188 48
25,38033 47
25,38903 47
25,39713 46
25,4065 46
25,41503 47
25,42419 47
25,43283 48
25,44228 48
25,45065 49
25,46474 49
25,47372 48
25,4825 48
25,49217 49
25,50107 49
25,51099 50
25,52039 50
25,52919 51
25,53862 51
25,54701 50
25,55598 50
25,56488 49
25,57427 49
25,58356 50
25,5932 50
25,60198 49
25,61065 49
25,61934 48
25,62759 48
25,63619 47
25,64471 47
25,6534 46
25,66193 46
25,67039 47
25,67872 47
25,68731 46
25,69548 46
25,70408 47
25,71288 47
25,72131 46
25,72948 46
25,73825 47
25,74654 47
25,75503 48
25,76321 48
25,77218 47
25,78141 47
25,79103 48
25,80029 48
25,80987 47
25,81966 47
25,82866 48
25,8378 48
25,84645 47
25,85556 47
25,86379 46
25,87373 46
25,88344 45
25,89669 45
25,91324 44
25,92492 44
25,93486 45
25,94771 45
25,96202 44
25,9733 44
25,98402 45
25,99606 45
26,00895 44
26,01846 44
26,03015 45
26,04012 45
26,04939 44
26,05833 44
26,06717 45
26,07927 45
26,09113 44
26,10054 44
26,11084 45
26,12032 45
26,12848 44
26,13696 44
26,14512 43
26,15444 43
26,16251 42
26,17212 42
26,18168 41
26,19209 41
26,20594 40
26,2162 40
26,22677 39
26,23774 39
26,24704 38
26,25633 38
26,26559 39
26,27555 39
26,28412 38
26,29448 38
26,30384 39
26,31299 39
26,32247 38
26,33096 38
26,33994 39
26,34839 39
26,35703 40
26,36554 40
26,37467 41
26,38342 41
26,39311 42
26,40255 42
26,41123 43
26,42077 43
26,4291 44
26,43804 44
26,44705 45
26,45612 45
26,46462 46
26,47334 46
26,48207 47
26,49125 47
26,49972 48
26,5129 48
26,52155 47
26,53119 47
26,54209 46
26,55305 46
26,56218 47
26,57132 47
26,57954 48
26,58875 48
26,59712 47
26,60625 47
26,61467 46
26,62363 46
26,63232 47
26,64206 47
26,65057 48
26,65962 48
26,66798 49
26,67712 49
26,68631 48
26,69578 48
26,70432 49
26,71434 49
26,72305 48
26,73149 48
26,74015 49
26,74879 49
26,75732 50
26,76604 50
26,7755 49
26,78407 49
26,79325 48
26,80387 48
26,81276 47
26,82527 47
26,83534 46
26,84491 46
26,85419 47
26,86306 47
26,87177 46
26,88104 46
26,89013 47
26,89853 47
26,90743 46
26,91567 46
26,92458 45
26,93326 45
