0 61
0,01065254 61
0,02052414 60
0,03248382 60
0,04255056 59
0,05199122 59
0,06223655 58
0,07211852 58
0,08331382 59
0,09457052 59
0,1044297 60
0,1148752 60
0,1251835 61
0,1349024 61
0,1443926 62
0,1533266 62
0,1636841 63
0,1742575 63
0,1873518 64
0,1982664 64
0,2080091 65
0,2166107 65
0,2251877 66
0,2335814 66
0,2423929 67
0,2513005 67
0,2600898 68
0,2685443 68
0,2773502 69
0,2858334 69
0,2950444 68
0,3036464 68
0,3131913 69
0,3227217 69
0,3316031 70
0,3410224 70
0,3495219 71
0,3580396 72
0,3666295 72
0,3756008 73
0,3840991 73
0,3935882 74
0,4023378 74
0,4141719 75
0,4232476 75
0,4321431 76
0,4411274 76
0,4495704 77
0,4591599 77
0,4680762 78
0,4776988 78
0,4871558 79
0,4969722 79
0,5072526 80
0,5164895 80
0,5260621 79
0,5347123 79
0,5439199 78
0,5523962 78
0,5610554 77
0,5702045 77
0,5795407 78
0,5889416 78
0,5992019 79
0,6079828 79
0,6194683 80
0,6282787 80
0,6369227 81
0,646507 81
0,6554413 82
0,6643404 82
0,6734341 83
0,6821269 83
0,6912667 84
0,6998322 84
0,7099276 83
0,7194645 83
0,7283568 84
0,736521 84
0,745528 83
0,7540684 83
0,7632883 82
0,7719045 82
0,7806454 81
0,7900665 80
0,7985916 80
0,8080463 81
0,817255 81
0,8257918 82
0,8356786 83
0,8450053 83
0,8543971 83
0,863626 84
0,8727055 84
0,8816261 83
0,8908737 83
0,8992026 84
0,9114652 84
0,9199121 83
0,9290764 83
0,937325 84
0,9463382 84
0,9569128 83
0,9674509 83
0,9775732 82
0,9872968 82
0,9974163 81
1,007549 81
1,017916 80
1,028651 80
1,037926 79
1,047984 79
1,057583 78
1,067086 78
1,076206 77
1,085711 77
1,095862 76
1,104914 76
1,114141 75
1,122874 75
1,131497 74
1,141706 74
1,150904 75
1,160162 75
1,169085 74
1,179234 74
1,188409 73
1,198344 73
1,21029 72
1,223741 72
1,232156 71
1,241349 71
1,249894 70
1,25894 70
1,267808 69
1,276751 69
1,287862 68
1,29763 68
1,307555 67
1,31687 67
1,326417 66
1,336508 66
1,346133 65
1,355341 65
1,364146 64
1,373337 64
1,382157 63
1,391694 63
1,400158 62
1,409705 62
1,418026 61
1,427039 61
1,43551 60
1,444527 60
1,453261 59
1,462516 59
1,471688 58
1,480003 58
1,488781 57
1,498168 57
1,507738 56
1,516535 56
1,525986 55
1,535679 55
1,548529 56
1,558657 56
1,568092 55
1,577214 55
1,587388 54
1,597648 54
1,606914 53
1,61536 53
1,624593 52
1,632783 52
1,641553 51
1,650059 51
1,659088 50
1,667616 50
1,676154 49
1,68435 49
1,693712 48
1,702369 48
1,712749 47
1,722807 47
1,731749 46
1,740889 46
1,75038 47
1,75932 47
1,768471 48
1,777642 48
1,786408 49
1,79901 50
1,809271 50
1,817652 49
1,826545 48
1,835441 48
1,845002 48
1,853424 47
1,862107 47
1,87053 48
1,879682 48
1,888291 49
1,897497 49
1,906723 50
1,915602 50
1,924472 51
1,933008 51
1,941907 52
1,950677 52
1,961001 53
1,969682 53
1,978348 54
1,986831 54
1,995603 55
2,004472 55
2,014363 56
2,02376 56
2,032782 57
2,042123 57
2,054459 58
2,06382 58
2,074318 57
2,083941 57
2,0933 56
2,101982 56
2,110704 57
2,119217 58
2,128515 58
2,136968 57
2,145797 57
2,155252 56
2,164749 56
2,17501 55
2,183806 55
2,193137 56
2,2013 56
2,210985 55
2,219715 55
2,228947 54
2,23722 54
2,245841 53
2,254397 53
2,2634 54
2,271666 54
2,281286 53
2,291316 53
2,300929 52
2,310385 52
2,322171 51
2,331848 51
2,341716 50
2,350783 50
2,359831 49
2,368733 49
2,377315 48
2,385746 48
2,395107 47
2,40854 47
2,417469 46
2,426233 46
2,435036 45
2,443865 45
2,452463 44
2,462045 44
2,470785 43
2,47979 43
2,488705 42
2,498702 42
2,509056 41
2,51819 41
2,527653 40
2,536483 40
2,546448 39
2,555403 39
2,565701 38
2,57626 38
2,586778 39
2,596626 39
2,605538 38
2,615261 38
2,624774 39
2,633621 39
2,642712 40
2,651294 40
2,66047 41
2,669555 41
2,679527 42
2,6881 42
2,698683 43
2,709881 43
2,719769 44
2,729548 45
2,742672 45
2,757615 44
2,76663 44
2,775462 45
2,784061 45
2,792703 44
2,801022 44
2,809944 43
2,81824 43
2,826893 44
2,836125 44
2,844923 45
2,853255 45
2,861614 46
2,870128 46
2,878473 45
2,886997 45
2,895411 44
2,903593 44
2,912333 43
2,920881 43
2,929615 44
2,937809 44
2,947491 45
2,956484 45
2,969643 46
2,979546 46
2,988554 47
2,99829 47
3,008285 48
3,017389 48
3,027379 47
3,036594 47
3,045475 48
3,054082 48
3,062503 49
3,071034 49
3,080011 50
3,089193 50
3,097976 49
3,106648 49
3,115866 50
3,124949 50
3,134039 51
3,143029 51
3,15159 50
3,160717 50
3,169309 49
3,17853 49
3,187165 48
3,196468 48
3,209614 49
3,218126 49
3,227192 48
3,236156 48
3,245552 47
3,254896 47
3,26491 46
3,274168 46
3,282382 45
3,291717 45
3,300231 44
3,309767 44
3,317752 45
3,32648 45
3,335448 44
3,344648 44
3,352918 45
3,361466 45
3,369802 44
3,378909 44
3,387074 45
3,395566 45
3,403727 44
3,412821 44
3,421023 43
3,430506 43
3,44055 44
3,45105 44
3,465051 45
3,475433 45
3,48383 44
3,493018 44
3,501398 45
3,510355 45
3,518942 46
3,527719 46
3,536131 47
3,544916 47
3,55371 46
3,562995 46
3,571973 45
3,580818 45
3,589565 44
3,599124 44
3,609151 45
3,619074 45
3,628361 46
3,637131 46
3,645601 47
3,654251 47
3,663476 48
3,673111 48
3,68203 49
3,691492 49
3,700398 50
3,710424 50
3,720248 51
3,732735 51
3,741695 52
3,750604 52
3,760053 51
3,769977 51
3,779224 50
3,787639 50
3,796318 51
3,804915 51
3,813895 52
3,821936 52
3,831093 53
3,839715 53
3,848846 52
3,857743 52
3,866206 51
3,875086 51
3,88391 50
3,892776 50
3,900993 49
3,909715 49
3,918475 48
3,927113 48
3,935383 49
3,944352 49
3,952761 48
3,962011 48
3,970876 49
3,980088 49
3,988377 50
3,99766 50
4,010821 49
4,019147 49
4,027981 48
4,037297 48
4,048528 49
4,058393 49
4,067126 50
4,076287 50
4,086781 51
4,095892 51
4,104136 50
4,112848 50
4,121033 49
4,129966 49
4,138273 48
4,147326 48
4,155665 49
4,16494 49
4,173486 50
4,183713 50
4,192937 51
4,201243 51
4,210681 50
4,219477 50
4,22822 49
4,236579 49
4,245681 50
4,254367 50
4,263646 51
4,272306 51
4,281448 50
4,290424 50
4,302981 49
4,312612 49
4,321209 50
4,330493 50
4,338898 51
4,348289 51
4,356598 52
4,365963 52
4,374938 51
4,383556 51
4,392549 52
4,400916 52
4,409624 51
4,417891 51
4,426363 50
4,434773 50
4,443373 49
4,452911 49
4,462475 48
4,470897 48
4,479434 47
4,487629 47
4,496409 48
4,50522 48
4,514359 49
4,522984 49
4,532094 50
4,541485 50
4,550452 49
4,559967 49
4,568543 50
4,577689 50
4,587347 49
4,59715 49
4,610461 50
4,61908 50
4,627963 51
4,636618 51
4,646147 50
4,655804 50
4,665653 49
4,67527 49
4,68355 50
4,693082 50
4,701653 49
4,712075 49
4,721146 50
4,730026 50
4,738554 51
4,748334 51
4,762808 50
4,771111 50
4,779541 49
4,788071 49
4,796462 50
4,804491 50
4,81335 49
4,821595 49
4,830198 50
4,838929 50
4,848167 49
4,856812 49
4,865673 50
4,874872 50
4,883121 49
4,895679 49
4,907095 48
4,917021 48
4,926228 49
4,935363 49
4,945006 48
4,954055 48
4,963548 47
4,972046 47
4,981256 46
4,990283 46
4,999663 47
5,009003 47
5,017083 46
5,025732 46
5,033976 45
5,042979 45
5,051215 46
5,059947 46
5,068592 45
5,077073 45
5,085642 44
5,094853 44
5,10323 43
5,11191 43
5,120132 42
5,131616 42
5,139909 43
5,149343 43
5,157553 42
5,166917 42
5,176212 43
5,185224 43
5,194561 44
5,203527 44
5,213142 45
5,222174 45
5,232007 46
5,24072 46
5,249869 45
5,259792 45
5,269418 46
5,278984 46
5,287673 45
5,296547 45
5,304715 46
5,313807 46
5,322046 45
5,33089 45
5,340233 46
5,350361 46
5,359346 45
5,367909 45
5,380495 46
5,38916 46
5,398787 45
5,407595 45
5,41724 46
5,426743 46
5,435443 47
5,444302 47
5,453163 48
5,463198 48
5,472665 47
5,482402 47
5,491462 48
5,50141 48
5,510551 47
5,518974 47
5,52791 46
5,536304 46
5,544931 47
5,55405 47
5,563279 48
5,57181 48
5,580954 47
5,590489 47
5,599608 46
5,608603 46
5,616746 45
5,628962 45
5,637311 46
5,646229 46
5,65476 47
5,663607 47
5,672535 46
5,682478 46
5,692311 47
5,701951 47
5,712101 48
5,720854 48
5,729493 47
5,738062 47
5,747753 48
5,756999 48
5,766834 49
5,776526 50
5,785473 50
5,794472 50
5,803074 51
5,812506 51
5,820874 50
5,829956 50
5,838181 49
5,847398 49
5,85549 48
5,86481 48
5,873048 47
5,88223 47
5,894652 46
5,90334 46
5,912642 45
5,921483 45
5,930464 44
5,939617 44
5,949794 43
5,960444 43
5,96993 42
5,978867 42
5,987365 41
5,997001 41
6,005511 40
6,015521 40
6,024188 41
6,034849 41
6,044033 40
6,05288 40
6,061858 40
6,070976 41
6,080116 41
6,089764 42
6,099625 42
6,109333 41
6,117939 41
6,127135 40
6,135881 40
6,145416 39
6,154982 39
6,163977 38
6,173083 38
6,186671 37
6,196364 37
6,207553 36
6,218365 36
6,227688 37
6,235893 37
6,245321 36
6,253894 36
6,264471 37
6,273711 37
6,28326 38
6,293787 38
6,302788 39
6,312089 39
6,320966 40
6,329727 40
6,338606 41
6,347646 41
6,356345 42
6,365414 42
6,374958 43
6,384192 43
6,39401 44
6,402916 44
6,411909 45
6,420427 45
6,429652 46
6,438076 46
6,448067 47
6,456555 47
6,46738 48
6,476861 48
6,488461 47
6,497674 47
6,507334 46
6,517179 46
6,526937 47
6,535599 47
6,544939 48
6,554358 49
6,563319 49
6,572028 48
6,580952 48
6,590205 49
6,600863 49
6,610002 50
6,618891 50
6,627935 51
6,636633 51
6,645494 50
6,654521 50
6,663318 51
6,672177 51
6,680711 50
6,689038 50
6,697519 51
6,705969 51
6,716916 50
6,727427 50
6,736697 49
6,745971 49
6,754856 50
6,763949 50
6,773241 51
6,78232 51
6,790807 52
6,804198 52
6,814104 53
6,822587 53
6,831532 52
6,840443 52
6,849802 51
6,858355 51
6,867844 52
6,877927 52
6,887577 53
6,896515 53
6,904928 52
6,914164 52
6,922772 51
6,931767 51
6,940514 50
6,950089 50
6,960244 51
6,968745 51
6,977371 50
6,985924 50
6,994349 51
7,002752 51
7,011869 52
7,020184 52
7,028944 53
7,037474 53
7,046558 52
7,054992 52
7,063511 53
7,072688 53
7,081978 54
7,091246 54
7,100788 53
7,110193 53
7,122076 54
7,131627 54
7,139797 55
7,149137 55
7,157514 54
7,166765 54
7,176801 53
7,18599 53
7,195294 52
7,204184 52
7,213551 53
7,22227 53
7,230766 52
7,239047 52
7,247859 51
7,256573 51
7,265978 50
7,27489 50
7,283641 51
7,292599 51
7,300927 52
7,310131 52
7,318763 53
7,328902 53
7,337664 52
7,347366 52
7,355716 53
7,364377 53
7,372859 52
7,382475 52
7,391239 53
7,400318 53
7,409375 52
7,418011 52
7,428165 51
7,437645 51
7,447482 50
7,456175 50
7,468805 49
7,481459 49
7,493594 48
7,502008 48
7,511386 49
7,520165 49
7,528977 48
7,537378 48
7,546059 47
7,554333 47
7,563314 48
7,57185 48
7,580536 49
7,589516 49
7,598535 50
7,607745 50
7,616575 49
7,625804 49
7,634507 48
7,643445 48
7,652241 49
7,661481 49
7,671116 48
7,679519 48
7,687723 49
7,700064 49
7,710372 50
7,719778 50
7,729175 49
7,73752 49
7,746289 48
7,755327 48
7,764802 49
7,773942 49
7,783823 50
7,792881 50
7,801157 49
7,810836 49
7,819685 50
7,828787 50
7,837392 49
7,84698 49
7,856075 50
7,865732 50
7,874874 51
7,884851 51
7,894883 52
7,903759 52
7,913144 51
7,922595 51
7,931604 50
7,939878 50
7,948797 51
7,961087 51
7,969784 52
7,979108 52
7,987914 53
7,997225 53
8,005856 52
8,015379 52
8,024258 51
8,034916 51
8,044144 50
8,053362 50
8,062313 49
8,071182 49
8,080076 50
8,089462 50
8,098385 51
8,107824 51
8,117577 52
8,12714 52
8,135614 53
8,145411 53
8,154776 54
8,163528 54
8,171858 53
8,181089 53
8,190012 52
8,198965 52
8,20834 51
8,218054 51
8,23077 52
8,239756 52
8,249371 51
8,258236 51
8,268166 50
8,277161 50
8,285416 51
8,29483 51
8,303593 50
8,312424 50
8,320644 51
8,329674 51
8,33823 50
8,34721 50
8,355391 49
8,364368 49
8,373268 48
8,382654 48
8,391085 47
8,401213 47
8,410936 46
8,419607 46
8,428513 45
8,437014 45
8,44603 44
8,454494 44
8,463642 45
8,471933 45
8,480928 44
8,489437 44
8,50079 45
8,509348 45
8,51832 44
8,527636 44
8,536301 45
8,545645 45
8,554558 46
8,563585 46
8,572222 47
8,581495 47
8,590559 48
8,601101 48
8,612196 47
8,621063 47
8,629944 48
8,638462 48
8,649027 49
8,658493 49
8,669014 48
8,678665 48
8,687601 47
8,697054 47
8,705896 46
8,715755 46
8,725065 45
8,735039 45
8,744507 44
8,753313 44
8,762724 43
8,771635 43
8,780472 42
8,789696 42
8,802708 41
8,81242 41
8,821531 40
8,830595 40
8,83922 39
8,848063 39
8,856337 38
8,865282 38
8,874004 37
8,88348 37
8,892727 36
8,902029 36
8,912613 37
8,921032 37
8,929501 36
8,938217 36
8,947044 37
8,955366 37
8,964249 36
8,972702 36
8,981632 37
8,99028 37
8,999258 36
9,00832 36
9,019314 37
9,029394 37
9,038692 38
9,048412 38
9,058214 39
9,069906 39
9,080105 40
9,090601 40
9,100435 41
9,115173 41
9,124374 42
9,135237 42
9,145496 41
9,155237 41
9,165649 40
9,179178 40
9,18874 39
9,199427 39
9,210081 38
9,221222 38
9,23068 37
9,239859 37
9,249681 36
9,259403 36
9,269825 37
9,279696 37
9,289789 38
9,299191 38
9,308754 39
9,319712 39
9,329224 40
9,33927 40
9,349245 41
9,358675 41
9,369127 42
9,37908 42
9,388264 41
9,397985 41
9,407122 42
9,416693 42
9,426334 43
9,43652 43
9,445978 44
9,455795 44
9,470888 43
9,480352 43
9,490059 42
9,500139 42
9,50964 41
9,519938 41
9,54196 42
9,551548 42
9,560835 41
9,570759 41
9,58073 42
9,590399 42
9,599829 43
9,609303 43
9,619648 44
9,629866 44
9,639219 45
9,648853 45
9,658489 46
9,669622 46
9,679438 47
9,689468 47
9,698982 46
9,713581 46
9,723568 45
9,735071 45
9,744659 44
9,754641 44
9,764309 43
9,77454 43
9,785614 42
9,795729 42
9,805498 41
9,815487 41
9,824848 40
9,83765 40
9,850283 39
9,861799 39
9,874876 38
9,88686 38
9,897549 37
9,90752 37
9,917309 36
9,926079 36
9,935608 37
9,945019 37
9,953756 36
9,963453 36
9,972639 37
9,98139 37
9,989851 38
10,00315 38
10,01288 39
10,02184 39
10,03102 40
10,03956 40
10,04838 41
10,05683 41
10,06618 40
10,07554 40
10,08568 39
10,09556 39
10,104 38
10,11283 38
10,12152 37
10,1307 37
10,13973 36
10,14912 36
10,15782 37
10,16891 37
10,17817 36
10,18767 36
10,19669 37
10,20587 37
10,2156 36
10,22443 36
10,23392 37
10,24288 37
10,25217 36
10,26399 36
10,27697 37
10,28696 37
10,29658 36
10,30539 36
10,31414 37
10,32318 37
10,3319 36
10,34058 36
10,3501 37
10,35882 37
10,36863 38
10,37761 38
10,38671 39
10,39618 39
10,40561 40
10,4157 40
10,42434 41
10,43373 41
10,44226 42
10,4516 42
10,46159 43
10,47168 43
10,48011 44
10,48871 44
10,49795 45
10,50676 45
10,51652 46
10,526 46
10,53499 47
10,54783 47
10,55661 48
10,56603 48
10,57504 47
10,58561 47
10,59492 46
10,60379 46
10,61253 45
10,62152 45
10,63048 44
10,63898 44
10,64857 45
10,65774 45
10,66681 46
10,67546 46
10,68527 47
10,69433 47
10,7029 46
10,71293 46
10,72152 47
10,73112 47
10,74014 48
10,74953 48
10,75823 47
10,76791 47
10,77624 48
10,78608 48
10,79518 47
10,8037 47
10,81263 48
10,8208 48
10,82943 49
10,84147 49
10,85465 50
10,8634 50
10,87244 49
10,88196 49
10,89067 48
10,90051 48
10,91072 47
10,92111 47
10,93019 48
10,93894 48
10,94871 49
10,95902 49
10,96969 48
10,97885 48
10,98787 49
10,99659 49
11,00507 48
11,0139 48
11,02269 49
11,03148 49
11,03993 48
11,0489 48
11,05711 47
11,06603 47
11,07491 48
11,08518 48
11,09846 47
11,10806 47
11,11811 48
11,12788 48
11,13757 49
11,1475 49
11,15755 48
11,16694 48
11,17621 47
11,18575 47
11,19604 48
11,20461 48
11,21361 49
11,22332 49
11,23287 48
11,24209 48
11,25195 47
11,26216 47
11,27093 48
11,27994 48
11,2886 49
11,29748 49
11,30695 48
11,3161 48
11,32465 47
11,33489 47
11,34373 48
11,35304 48
11,36244 47
11,37654 47
11,38616 46
11,39557 46
11,40416 47
11,41306 47
11,42172 46
11,43081 46
11,43955 45
11,44874 45
11,45717 44
11,46643 44
11,47568 45
11,48508 45
11,49402 44
11,50307 44
11,51251 45
11,52122 45
11,53021 46
11,53899 46
11,54865 47
11,55741 47
11,56711 48
11,57567 48
11,58712 47
11,59674 47
11,60524 46
11,61455 46
11,62311 45
11,63261 45
11,64137 44
11,65409 44
11,6633 45
11,67248 45
11,68203 46
11,69139 46
11,70031 47
11,71025 47
11,72005 46
11,72979 46
11,73848 47
11,74752 47
11,75616 46
11,76549 46
11,77419 45
11,78355 45
11,79229 46
11,80227 46
11,8128 45
11,82209 45
11,83138 44
11,83991 44
11,84857 45
11,85689 45
11,866 44
11,87515 44
11,88411 43
11,8928 43
11,90158 44
11,91035 44
11,91985 45
11,92994 45
11,94292 46
11,9538 46
11,96346 47
11,97273 47
11,9816 48
11,9902 48
11,99882 47
12,00744 47
12,01625 46
12,02522 46
12,03466 47
12,04356 47
12,05291 46
12,062 46
12,07084 47
12,08075 47
12,08997 46
12,0986 46
12,10754 47
12,11674 47
12,12591 46
12,13585 46
12,14548 47
12,15515 47
12,16433 46
12,1741 46
12,18312 45
12,19226 45
12,20104 44
12,21088 44
12,22028 45
12,22951 45
12,23792 44
12,24706 44
12,25928 43
12,26935 43
12,27868 42
12,28791 42
12,2976 41
12,30759 41
12,31695 40
12,32586 40
12,33733 39
12,34729 39
12,35572 38
12,36453 38
12,37337 39
12,3823 39
12,39134 38
12,4004 38
12,40987 39
12,41977 39
12,42957 38
12,43852 38
12,44713 39
12,45563 39
12,46433 38
12,47307 38
12,48195 39
12,49072 39
12,50007 38
12,5084 38
12,51732 39
12,52622 39
12,53629 38
12,54515 38
12,55408 39
12,56347 39
12,57228 40
12,5851 40
12,59402 41
12,60381 41
12,61349 42
12,62285 42
12,63181 43
12,64037 43
12,64945 44
12,6577 44
12,66668 45
12,67536 45
12,6848 46
12,69315 46
12,70213 47
12,71194 47
12,72119 48
12,73096 48
12,73962 47
12,7494 47
12,758 46
12,76736 46
12,77691 45
12,78617 45
12,79482 44
12,80373 44
12,81255 45
12,82098 45
12,8298 44
12,83891 44
12,84766 43
12,85587 43
12,86439 42
12,87278 42
12,88173 41
12,89051 41
12,89957 40
12,91253 40
12,92127 39
12,93106 39
12,93957 38
12,9493 38
12,95981 37
12,97144 37
12,98066 36
12,99051 36
12,99969 37
13,00894 37
13,01754 38
13,02707 39
13,0365 39
13,0465 38
13,05612 38
13,06546 37
13,07418 37
13,08378 36
13,0928 36
13,10226 37
13,11127 37
13,12148 36
13,1308 36
13,1402 37
13,14882 37
13,15725 38
13,1664 38
13,17528 39
13,18404 39
13,19298 38
13,20191 38
13,21196 37
13,22142 37
13,23087 36
13,23888 36
13,24794 37
13,25614 37
13,26505 36
13,27742 36
13,28705 37
13,29622 37
13,30548 36
13,31465 36
13,32406 37
13,33405 37
13,34276 36
13,35166 36
13,35985 37
13,36939 37
13,37776 36
13,38775 36
13,39676 37
13,40565 37
13,41451 36
13,42262 36
13,43148 37
13,43969 37
13,44887 36
13,45713 36
13,46658 37
13,47539 37
13,48465 36
13,49354 36
13,5026 37
13,51163 37
13,52098 36
13,53096 36
13,54077 37
13,551 37
13,5604 38
13,57155 38
13,5812 39
13,59024 39
13,59915 38
13,60814 38
13,61749 39
13,62641 39
13,63567 40
13,64459 40
13,65729 39
13,67073 39
13,68055 38
13,68954 38
13,69826 39
13,70698 39
13,71622 38
13,72498 38
13,73473 39
13,74307 39
13,75238 40
13,76125 40
13,77187 41
13,78148 41
13,79065 40
13,79958 40
13,8083 39
13,81729 39
13,82609 38
13,8363 38
13,84569 39
13,85441 39
13,86412 40
13,87286 40
13,88167 39
13,8903 39
13,90364 40
13,9145 40
13,92315 41
13,93278 41
13,94147 40
13,95119 40
13,9611 41
13,97109 41
13,98015 42
13,98879 42
13,99782 43
14,00665 43
14,01677 42
14,02567 42
14,0358 41
14,04534 41
14,05527 42
14,06416 42
14,07292 43
14,08142 43
14,09043 44
14,09947 44
14,10804 43
14,11704 43
14,12555 42
14,13478 42
14,14341 43
14,15314 43
14,16193 42
14,17479 42
14,18433 43
14,1935 43
14,20279 42
14,21291 42
14,22242 43
14,23106 43
14,23932 44
14,24798 44
14,25636 43
14,26475 43
14,27324 42
14,28181 43
14,29026 42
14,29919 42
14,30775 42
14,31687 43
14,32595 43
14,33563 42
14,34411 42
14,35347 41
14,36193 41
14,37138 40
14,38184 40
14,39057 39
14,39976 39
14,40862 38
14,41919 38
14,42825 39
14,43756 39
14,44685 38
14,45854 38
14,46791 39
14,4775 39
14,48794 40
14,49737 40
14,50601 41
14,51526 41
14,52331 40
14,53241 40
14,54062 41
14,54993 41
14,55798 40
14,56684 40
14,57534 39
14,58551 39
14,59487 38
14,60377 38
14,61224 39
14,62177 39
14,63161 40
14,64017 40
14,64901 39
14,65742 39
14,66635 40
14,67511 40
14,68375 39
14,69293 39
14,70176 38
14,7118 38
14,72152 39
14,73123 39
14,73966 38
14,75224 38
14,76089 39
14,77194 39
14,78222 38
14,79109 38
14,8005 39
14,80955 39
14,81938 38
14,82838 38
14,8385 39
14,84809 39
14,85687 38
14,86575 38
14,87443 39
14,88373 39
14,89317 40
14,90257 40
14,91148 41
14,92162 41
14,93165 42
14,94061 42
14,95008 43
14,96007 43
14,96962 44
14,97816 44
14,98765 43
14,99695 43
15,00638 44
15,01615 44
15,02496 45
15,0344 45
15,04302 46
15,05338 46
15,06438 45
15,07853 45
15,09002 46
15,1003 46
15,10953 45
15,11941 45
15,12849 44
15,13955 44
15,14967 43
15,1589 43
15,16862 44
15,18147 44
15,19117 43
15,20023 43
15,2096 44
15,21959 44
15,22879 43
15,24019 43
15,25079 42
15,26012 42
15,27027 41
15,27918 41
15,28964 40
15,29862 40
15,30769 41
15,31687 41
15,32622 40
15,33665 40
15,3479 39
15,35733 39
15,36661 40
15,3766 40
15,38616 39
15,39564 39
15,40502 38
15,41606 38
15,4296 39
15,44026 39
15,44996 38
15,46046 38
15,47087 39
15,48044 39
15,48955 38
15,49995 38
15,50883 39
15,51868 39
15,52881 38
15,54005 38
15,5502 37
15,55968 37
15,56963 36
15,57987 36
15,59168 37
15,60188 37
15,61192 36
15,6238 36
15,63372 37
15,64332 37
15,65281 38
15,66165 38
15,67136 39
15,6811 39
15,69033 40
15,69956 40
15,70983 41
15,71952 41
15,72782 42
15,73746 42
15,74683 43
15,75567 43
15,76581 44
15,77516 44
15,78434 43
15,79332 43
15,80678 44
15,81602 44
15,82579 43
15,83697 43
15,8459 44
15,85595 44
15,86556 45
15,87494 45
15,88463 46
15,89388 46
15,90349 47
15,91255 47
15,92204 48
15,93222 48
15,94066 49
15,94972 49
15,95883 50
15,96856 50
15,97697 51
15,98617 51
15,99533 50
16,00506 50
16,01516 49
16,02428 49
16,03331 48
16,04207 48
16,051 49
16,05941 49
16,06833 48
16,07704 48
16,08746 47
16,09878 47
16,10899 46
16,11874 46
16,12829 45
16,13896 45
16,14931 44
16,15908 44
16,1689 45
16,18258 45
16,19596 46
16,20638 46
16,21727 45
16,22681 45
16,23601 44
16,24506 44
16,25519 43
16,26441 43
16,27344 42
16,28242 42
16,29197 43
16,30135 43
16,31062 44
16,31941 44
16,32855 45
16,33917 45
16,34813 46
16,35641 46
16,36532 47
16,37405 47
16,38262 46
16,39128 46
16,40042 45
16,40943 45
16,41859 46
16,42726 46
16,43656 45
16,44511 45
16,45464 46
16,46456 46
16,47328 45
16,48234 45
16,49107 44
16,50003 44
16,50867 45
16,51732 45
16,52589 44
16,53506 44
16,54421 43
16,55449 43
16,56329 42
16,57676 42
16,58755 41
16,59731 41
16,60604 42
16,61515 42
16,62324 43
16,63264 43
16,64098 42
16,65005 42
16,65897 41
16,66804 41
16,67656 40
16,68582 40
16,69435 41
16,70368 41
16,71332 40
16,72281 40
16,73218 41
16,74074 41
16,74929 40
16,75805 40
16,76669 41
16,77498 41
16,78372 40
16,79276 40
16,80155 41
16,81052 41
16,81983 40
16,82827 40
16,83822 41
16,84827 41
16,8567 42
16,86589 42
16,87458 41
16,88425 41
16,89414 40
16,90417 40
16,91345 41
16,92387 41
16,93346 40
16,94267 40
16,95165 41
16,96111 41
16,97394 40
16,98668 40
16,99576 41
17,00567 41
17,01577 42
17,02458 42
17,03387 41
17,04276 41
17,05233 40
17,06078 40
17,06987 39
17,07828 39
17,08744 38
17,09562 38
17,10525 39
17,11451 39
17,12367 38
17,13272 38
17,14144 39
17,1517 39
17,16241 38
17,17269 38
17,18276 39
17,1917 39
17,20043 38
17,21425 38
17,22308 39
17,23252 39
17,24074 38
17,24922 38
17,25748 39
17,26624 39
17,27443 38
17,28336 38
17,2916 39
17,30013 39
17,30859 38
17,31762 38
17,32588 39
17,33571 39
17,34529 38
17,35429 38
17,36287 39
17,37227 39
17,38115 38
17,39013 38
17,39935 39
17,40833 39
17,41698 38
17,42532 38
17,43382 39
17,44201 39
17,45062 38
17,4598 38
17,46852 39
17,4823 39
17,49133 40
17,50028 40
17,50918 39
17,51804 39
17,52634 38
17,53528 38
17,54348 37
17,55236 37
17,56102 36
17,57003 36
17,57837 37
17,58824 37
17,5966 36
17,60593 36
17,61571 37
17,62477 37
17,63369 38
17,64249 38
17,65171 39
17,66037 39
17,66959 38
17,6782 38
17,68752 39
17,69614 39
17,70539 38
17,71494 38
17,72436 39
17,7336 39
17,74171 38
17,75067 38
17,76336 39
17,77359 39
17,78314 38
17,79165 38
17,80028 39
17,80943 39
17,81867 40
17,82745 40
17,83781 39
17,84705 39
17,85606 38
17,86559 38
17,87436 37
17,88332 37
17,8926 36
17,90187 36
17,9108 37
17,92023 37
17,92926 36
17,93908 36
17,94891 37
17,95793 37
17,96717 36
17,97601 36
17,9854 37
17,99454 37
18,00357 36
18,01248 36
18,02157 37
18,03007 37
18,0391 38
18,04866 38
18,06082 39
18,06951 39
18,07789 38
18,0877 38
18,09669 39
18,10678 39
18,11656 38
18,12521 38
18,13378 39
18,14355 39
18,15252 38
18,16121 38
18,17045 39
18,17951 39
18,19298 40
18,20603 40
18,21861 39
18,23214 39
18,2449 38
18,257 38
18,26765 39
18,2807 39
18,29032 38
18,29939 38
18,30783 39
18,31696 39
18,32636 38
18,33687 38
18,34533 39
18,35481 39
18,36346 38
18,3738 38
18,38345 39
18,39228 39
18,40455 38
18,41316 38
18,42246 39
18,43207 39
18,44082 38
18,45022 38
18,46107 39
18,47096 39
18,47928 38
18,48961 38
18,49862 37
18,5077 37
18,51674 36
18,52552 36
18,53419 37
18,54304 37
18,55231 36
18,5617 36
18,57162 37
18,5802 37
18,59024 36
18,60059 36
18,60989 37
18,61899 37
18,62755 36
18,6369 36
18,64621 37
18,65629 37
18,66565 38
18,67467 38
18,68376 37
18,69338 37
18,7029 38
18,71302 38
18,7224 39
18,73209 39
18,74534 38
18,75491 38
18,7639 39
18,77318 39
18,78287 38
18,79174 38
18,80076 39
18,80957 39
18,81871 38
18,82802 38
18,83816 39
18,84746 39
18,85654 38
18,86639 38
18,87524 39
18,88472 39
18,89408 38
18,9035 38
18,91265 39
18,92236 39
18,93164 38
18,94104 38
18,95031 39
18,96031 39
18,96969 38
18,97842 38
18,98714 39
18,99603 39
19,00522 38
19,01444 38
19,02427 37
19,03389 37
19,04276 36
19,05218 36
19,06082 37
19,07029 37
19,07894 38
19,09445 38
19,10437 39
19,1135 39
19,12312 38
19,13271 38
19,14165 39
19,15098 39
19,15981 38
19,16923 38
19,18093 39
19,19033 39
19,19935 38
19,20819 38
19,23689 37
19,24697 37
19,25763 36
19,2674 36
19,27674 37
19,28617 37
19,29482 36
19,3038 36
19,3127 37
19,32245 37
19,33133 38
19,34072 38
19,35099 37
19,35987 37
19,36889 36
19,37757 36
19,38678 37
19,396 37
19,40558 36
19,41526 36
19,42379 37
19,43366 37
19,4423 36
19,45143 36
19,46142 37
19,4713 37
19,47979 36
19,48959 36
19,49849 37
19,50838 37
19,51719 38
19,5296 38
19,54215 39
19,55387 39
19,56215 40
19,57182 40
19,58047 39
19,59124 39
19,60099 40
19,61013 40
19,61961 41
19,62879 41
19,63871 42
19,64752 42
19,65681 43
19,66702 43
19,6769 44
19,68624 44
19,69548 43
19,70442 43
19,71395 44
19,72329 44
19,73293 43
19,74179 43
19,75056 42
19,75931 42
19,76834 43
19,77713 43
19,78612 44
19,79551 44
19,80468 45
19,81363 45
19,82586 46
19,83618 46
19,84514 45
19,85444 45
19,86253 46
19,87112 46
19,87929 45
19,88875 45
19,89761 44
19,90718 44
19,91579 43
19,92429 43
19,93336 42
19,94157 42
19,95049 43
19,96051 43
19,96939 44
19,97865 44
19,98724 45
19,99566 45
20,00456 44
20,01339 44
20,02201 43
20,03052 43
20,03953 44
20,04885 44
20,05724 45
20,06594 45
20,0749 46
20,08448 46
20,09503 45
20,10366 45
20,112 44
20,12473 44
20,13379 43
20,14205 43
20,15083 42
20,15932 42
20,16811 43
20,17675 43
20,18544 44
20,19385 44
20,20232 45
20,21182 45
20,22071 46
20,22908 46
20,23801 45
20,24771 45
20,25719 44
20,26628 44
20,27503 45
20,28435 45
20,29387 46
20,30363 46
20,31305 47
20,32252 47
20,33177 48
20,341 48
20,35076 49
20,35958 49
20,36816 50
20,37684 50
20,38648 51
20,39498 51
20,40365 50
20,41205 50
20,42046 49
20,43329 49
20,44143 48
20,45067 48
20,46047 47
20,46946 47
20,4779 46
20,48702 46
20,4954 45
20,50487 45
20,51311 44
20,52212 44
20,53079 45
20,54045 45
20,55006 46
20,55848 46
20,5672 47
20,57575 47
20,5857 46
20,59489 46
20,60353 47
20,61193 47
20,62038 48
20,62951 48
20,63846 47
20,64762 47
20,65749 48
20,66666 48
20,67524 49
20,68417 49
20,6934 48
20,70261 48
20,7115 47
20,72043 47
20,72911 46
20,73798 46
20,75183 47
20,76101 47
20,77077 46
20,77923 46
20,78879 47
20,7979 47
20,80771 46
20,81721 46
20,82617 47
20,83654 47
20,84564 46
20,85493 46
20,86343 47
20,87346 47
20,88213 46
20,89211 46
20,90165 47
20,91034 47
20,91997 48
20,92974 48
20,9393 47
20,94825 47
20,95742 48
20,96701 48
20,97563 49
20,98453 49
20,99294 48
21,00141 48
21,01018 47
21,01892 47
21,02906 48
21,03824 48
21,04696 47
21,05632 47
21,06538 46
21,07474 46
21,08374 47
21,09288 47
21,10528 46
21,11452 46
21,1242 47
21,13325 47
21,14173 48
21,15116 48
21,15961 49
21,16843 49
21,17685 50
21,18568 50
21,19422 51
21,20285 51
21,21227 50
21,22162 50
21,23094 51
21,2404 51
21,24985 52
21,25875 52
21,26798 51
21,27664 51
21,28557 52
21,2954 52
21,30419 51
21,31274 51
21,32169 50
21,33209 50
21,34236 49
21,35313 49
21,36215 48
21,37112 48
21,37946 49
21,38828 49
21,39672 50
21,40598 50
21,41483 49
21,42453 49
21,43386 48
21,4429 48
21,4523 47
21,4661 47
21,47571 46
21,4851 46
21,49391 47
21,50309 47
21,51212 46
21,52125 46
21,53018 47
21,53949 47
21,54852 46
21,55917 46
21,56816 47
21,57704 47
21,58669 46
21,59566 46
21,60435 45
21,61329 45
21,6226 44
21,63174 44
21,64196 43
21,65171 43
21,6605 44
21,67006 44
21,67906 43
21,68851 43
21,69744 42
21,7073 42
21,71661 41
21,72602 41
21,73512 40
21,74425 40
21,75357 41
21,76254 41
21,77162 40
21,78052 40
21,79013 39
21,7998 39
21,80964 40
21,8193 40
21,82822 41
21,83834 41
21,84755 42
21,86128 42
21,8701 43
21,87836 43
21,8874 44
21,89643 44
21,90539 45
21,91479 45
21,92384 44
21,93382 44
21,94264 43
21,95199 43
21,96173 44
21,97125 44
21,9803 45
21,98951 45
21,99822 44
22,00811 44
22,01726 43
22,02588 43
22,03557 42
22,04478 42
22,05408 43
22,06305 43
22,07223 42
22,08121 42
22,09229 43
22,10271 43
22,11229 44
22,12175 44
22,13135 45
22,14095 45
22,15564 44
22,17177 44
22,18335 43
22,19372 43
22,20295 42
22,21275 42
22,22218 43
22,23121 43
22,24081 42
22,25005 42
22,2595 41
22,26876 41
22,28084 42
22,29472 42
22,30402 41
22,31287 41
22,32189 42
22,33123 42
22,34098 43
22,35009 43
22,3592 44
22,3696 44
22,37865 45
22,38951 45
22,3992 44
22,40921 44
22,41852 45
22,42821 45
22,43748 44
22,44706 44
22,45626 45
22,46616 45
22,47548 46
22,48547 46
22,49427 47
22,50367 47
22,51232 48
22,52234 48
22,53173 49
22,54137 49
22,55058 48
22,56327 48
22,57273 47
22,58118 47
22,59056 46
22,59985 46
22,60935 47
22,61847 47
22,62762 48
22,63651 48
22,64537 47
22,65495 47
22,66381 48
22,67375 48
22,68225 49
22,69171 49
22,70057 48
22,71101 48
22,72008 49
22,72905 49
22,73788 50
22,74702 50
22,75639 51
22,7655 51
22,77524 50
22,78485 50
22,79362 49
22,80302 49
22,81193 50
22,82082 50
22,83014 49
22,84025 49
22,84894 48
22,85883 48
22,87159 49
22,88066 49
22,88991 48
22,89858 48
22,90794 49
22,91687 49
22,92562 48
22,93468 48
22,94336 49
22,95287 49
22,96201 48
22,97193 48
22,98035 49
22,98972 49
22,99818 50
23,0081 50
23,01797 49
23,02683 49
23,03608 48
23,04522 48
23,05453 49
23,06372 49
23,07301 50
23,08183 50
23,09232 49
23,10197 49
23,11147 48
23,12027 48
23,12882 49
23,13966 49
23,14833 50
23,15746 50
23,16567 51
23,17451 51
23,18401 50
23,19656 50
23,206 49
23,21502 49
23,22397 50
23,23245 50
23,24104 49
23,24945 49
23,2582 48
23,26795 48
23,27649 47
23,28541 47
23,29397 46
23,30293 46
23,31165 45
23,32177 45
23,33121 44
23,34177 44
23,35139 43
23,36015 43
23,36931 42
23,37782 42
23,38659 43
23,39503 43
23,40404 42
23,41344 42
23,42286 43
23,43217 43
23,44181 44
23,45228 44
23,46165 45
23,47185 45
23,4805 46
23,48989 46
23,49856 47
23,50865 47
23,51793 46
23,53051 46
23,54 47
23,54926 47
23,55924 46
23,56835 46
23,57681 47
23,58682 47
23,59553 46
23,60468 46
23,61344 45
23,62292 45
23,63221 44
23,64207 44
23,6517 45
23,6609 45
23,66982 44
23,67877 44
23,68768 43
23,6964 43
23,70571 42
23,71514 42
23,72446 41
23,73333 41
23,74232 40
23,75146 40
23,75984 41
23,76923 41
23,77746 40
23,78616 40
23,7943 39
23,80285 39
23,81096 38
23,81929 38
23,82784 39
23,83779 39
23,84634 40
23,85517 40
23,86326 41
23,87728 41
23,88758 42
23,89741 42
23,90795 43
23,91752 43
23,92878 44
23,93889 44
23,9485 45
23,95819 45
23,96742 46
23,97659 46
23,98583 45
23,99548 45
24,00447 46
24,01308 46
24,02239 45
24,03093 45
24,04029 46
24,04953 46
24,05946 47
24,06995 47
24,07909 46
24,08988 46
24,09904 45
24,10932 45
24,11883 44
24,12766 44
24,13783 43
24,14724 43
24,15617 44
24,16538 44
24,17653 43
24,18633 43
24,19507 42
24,20524 42
24,2153 43
24,22587 43
24,23555 42
24,24406 42
24,25654 43
24,26555 43
24,27545 42
24,28465 42
24,29336 41
24,30427 41
24,31319 40
24,32207 40
24,3308 41
24,34015 41
24,34929 40
24,35837 40
24,36729 39
24,37681 39
24,38651 40
24,39548 40
24,40476 39
24,41404 39
24,4231 40
24,43222 40
24,44197 39
24,45219 39
24,4632 40
24,47289 40
24,48116 39
24,49119 39
24,49933 38
24,50879 38
24,5178 39
24,52726 39
24,53679 38
24,54532 38
24,55443 39
24,56346 39
24,57198 40
24,58044 40
24,59012 41
24,59842 41
24,6075 40
24,61632 40
24,62651 41
24,63653 41
24,64879 42
24,65878 42
24,66723 43
24,67616 43
24,68516 44
24,694 44
24,70319 45
24,71366 45
24,72341 44
24,73184 44
24,74075 45
24,74911 45
24,7585 44
24,76723 44
24,77663 45
24,78612 45
24,79453 46
24,80316 46
24,81159 45
24,81991 45
24,82822 46
24,83763 46
24,84647 47
24,85546 47
24,86372 46
24,87256 46
24,88076 47
24,88962 47
24,89771 46
24,90648 46
24,91474 45
24,92372 45
24,93208 46
24,94193 46
24,95047 47
24,96071 47
24,97003 46
24,9781 46
24,98661 45
24,9948 45
25,00333 44
25,0118 44
25,02069 45
25,03024 45
25,04307 44
25,053 44
25,06114 45
25,06981 45
25,07815 46
25,08684 46
25,09566 47
25,10505 47
25,11428 46
25,12352 46
25,13201 45
25,14145 45
25,14998 46
25,15934 46
25,1681 45
25,17705 45
25,18594 44
25,19453 44
25,20315 45
25,21242 45
25,22116 46
25,22958 46
25,23863 45
25,24705 45
25,25562 46
25,26426 46
25,27293 47
25,28137 47
25,28983 48
25,29804 48
25,30686 49
25,31544 49
25,32453 48
25,33425 48
25,34368 47
25,35353 47
25,36264 48
25,37188 48
25,38033 47
25,38903 47
25,39713 46
25,4065 46
25,41503 47
25,42419 47
25,43283 48
25,44228 48
25,45065 49
25,46474 49
25,47372 48
25,4825 48
25,49217 49
25,50107 49
25,51099 50
25,52039 50
25,52919 51
25,53862 51
25,54701 50
25,55598 50
25,56488 49
25,57427 49
25,58356 50
25,5932 50
25,60198 49
25,61065 49
25,61934 48
25,62759 48
25,63619 47
25,64471 47
25,6534 46
25,66193 46
25,67039 47
25,67872 47
25,68731 46
25,69548 46
25,70408 47
25,71288 47
25,72131 46
25,72948 46
25,73825 47
25,74654 47
25,75503 48
25,76321 48
25,77218 47
25,78141 47
25,79103 48
25,80029 48
25,80987 47
25,81966 47
25,82866 48
25,8378 48
25,84645 47
25,85556 47
25,86379 46
25,87373 46
25,88344 45
25,89669 45
25,91324 44
25,92492 44
25,93486 45
25,94771 45
25,96202 44
25,9733 44
25,98402 45
25,99606 45
26,00895 44
26,01846 44
26,03015 45
26,04012 45
26,04939 44
26,05833 44
26,06717 45
26,07927 45
26,09113 44
26,10054 44
26,11084 45
26,12032 45
26,12848 44
26,13696 44
26,14512 43
26,15444 43
26,16251 42
26,17212 42
26,18168 41
26,19209 41
26,20594 40
26,2162 40
26,22677 39
26,23774 39
26,24704 38
26,25633 38
26,26559 39
26,27555 39
26,28412 38
26,29448 38
26,30384 39
26,31299 39
26,32247 38
26,33096 38
26,33994 39
26,34839 39
26,35703 40
26,36554 40
26,37467 41
26,38342 41
26,39311 42
26,40255 42
26,41123 43
26,42077 43
26,4291 44
26,43804 44
26,44705 45
26,45612 45
26,46462 46
26,47334 46
26,48207 47
26,49125 47
26,49972 48
26,5129 48
26,52155 47
26,53119 47
26,54209 46
26,55305 46
26,56218 47
26,57132 47
26,57954 48
26,58875 48
26,59712 47
26,60625 47
26,61467 46
26,62363 46
26,63232 47
26,64206 47
26,65057 48
26,65962 48
26,66798 49
26,67712 49
26,68631 48
26,69578 48
26,70432 49
26,71434 49
26,72305 48
26,73149 48
26,74015 49
26,74879 49
26,75732 50
26,76604 50
26,7755 49
26,78407 49
26,79325 48
26,80387 48
26,81276 47
26,82527 47
26,83534 46
26,84491 46
26,85419 47
26,86306 47
26,87177 46
26,88104 46
26,89013 47
26,89853 47
26,90743 46
26,91567 46
26,92458 45
26,93326 45
