0 55
0,01065254 55
0,02052414 56
0,03248382 56
0,04255056 57
0,05199122 57
0,06223655 58
0,07211852 58
0,08331382 59
0,09457052 59
0,1044297 60
0,1148752 60
0,1251835 61
0,1349024 61
0,1443926 62
0,1533266 62
0,1636841 63
0,1742575 63
0,1873518 64
0,1982664 64
0,2080091 65
0,2166107 65
0,2251877 66
0,2335814 66
0,2423929 67
0,2513005 67
0,2600898 68
0,2685443 68
0,2773502 69
0,2858334 69
0,2950444 68
0,3036464 68
0,3131913 69
0,3227217 69
0,3316031 70
0,3410224 70
0,3495219 71
0,3580396 71
0,3666295 70
0,3756008 70
0,3840991 69
0,3935882 69
0,4023378 68
0,4141719 68
0,4232476 67
0,4321431 67
0,4411274 68
0,4495704 68
0,4591599 67
0,4680762 67
0,4776988 68
0,4871558 68
0,4969722 69
0,5072526 70
0,5164895 70
0,5260621 69
0,5347123 69
0,5439199 70
0,5523962 70
0,5610554 71
0,5702045 71
0,5795407 72
0,5889416 72
0,5992019 73
0,6079828 73
0,6194683 74
0,6282787 74
0,6369227 75
0,646507 75
0,6554413 76
0,6643404 76
0,6734341 77
0,6821269 77
0,6912667 78
0,6998322 78
0,7099276 77
0,7194645 77
0,7283568 76
0,736521 76
0,745528 75
0,7540684 75
0,7632883 74
0,7719045 74
0,7806454 75
0,7900665 75
0,7985916 74
0,8080463 74
0,817255 73
0,8257918 73
0,8356786 74
0,8450053 74
0,8543971 73
0,863626 73
0,8727055 72
0,8816261 72
0,8908737 73
0,8992026 73
0,9114652 74
0,9199121 74
0,9290764 73
0,937325 73
0,9463382 74
0,9569128 75
0,9674509 75
0,9775732 75
0,9872968 76
0,9974163 76
1,007549 75
1,017916 75
1,028651 74
1,037926 74
1,047984 73
1,057583 73
1,067086 72
1,076206 72
1,085711 71
1,095862 71
1,104914 70
1,114141 70
1,122874 69
1,131497 69
1,141706 68
1,150904 68
1,160162 67
1,169085 67
1,179234 66
1,188409 66
1,198344 65
1,21029 65
1,223741 64
1,232156 64
1,241349 63
1,249894 63
1,25894 62
1,267808 62
1,276751 61
1,287862 61
1,29763 60
1,307555 60
1,31687 59
1,326417 59
1,336508 58
1,346133 58
1,355341 57
1,364146 57
1,373337 56
1,382157 56
1,391694 55
1,400158 55
1,409705 54
1,418026 54
1,427039 53
1,43551 53
1,444527 52
1,453261 52
1,462516 51
1,471688 51
1,480003 50
1,488781 50
1,498168 49
1,507738 49
1,516535 48
1,525986 48
1,535679 47
1,548529 47
1,558657 46
1,568092 46
1,577214 45
1,587388 45
1,597648 44
1,606914 44
1,61536 43
1,624593 43
1,632783 42
1,641553 42
1,650059 41
1,659088 41
1,667616 40
1,676154 40
1,68435 41
1,693712 41
1,702369 42
1,712749 42
1,722807 43
1,731749 43
1,740889 44
1,75038 44
1,75932 45
1,768471 45
1,777642 46
1,786408 46
1,79901 47
1,809271 47
1,817652 48
1,826545 48
1,835441 49
1,845002 49
1,853424 50
1,862107 50
1,87053 51
1,879682 51
1,888291 52
1,897497 52
1,906723 53
1,915602 53
1,924472 54
1,933008 54
1,941907 55
1,950677 55
1,961001 56
1,969682 56
1,978348 57
1,986831 57
1,995603 58
2,004472 58
2,014363 59
2,02376 59
2,032782 60
2,042123 60
2,054459 59
2,06382 59
2,074318 60
2,083941 60
2,0933 59
2,101982 59
2,110704 60
2,119217 60
2,128515 61
2,136968 61
2,145797 62
2,155252 62
2,164749 63
2,17501 63
2,183806 64
2,193137 64
2,2013 65
2,210985 65
2,219715 66
2,228947 66
2,23722 67
2,245841 67
2,254397 68
2,2634 68
2,271666 69
2,281286 69
2,291316 70
2,300929 70
2,310385 71
2,322171 71
2,331848 72
2,341716 72
2,350783 73
2,359831 73
2,368733 74
2,377315 74
2,385746 75
2,395107 75
2,40854 76
2,417469 76
2,426233 77
2,435036 77
2,443865 78
2,452463 78
2,462045 77
2,470785 77
2,47979 78
2,488705 78
2,498702 77
2,509056 77
2,51819 78
2,527653 78
2,536483 77
2,546448 77
2,555403 76
2,565701 76
2,57626 75
2,586778 75
2,596626 76
2,605538 76
2,615261 75
2,624774 75
2,633621 74
2,642712 74
2,651294 73
2,66047 73
2,669555 72
2,679527 72
2,6881 71
2,698683 71
2,709881 70
2,719769 70
2,729548 69
2,742672 69
2,757615 68
2,76663 68
2,775462 67
2,784061 67
2,792703 66
2,801022 66
2,809944 65
2,81824 65
2,826893 64
2,836125 64
2,844923 65
2,853255 65
2,861614 66
2,870128 66
2,878473 67
2,886997 67
2,895411 68
2,903593 68
2,912333 69
2,920881 69
2,929615 70
2,937809 70
2,947491 71
2,956484 71
2,969643 72
2,979546 72
2,988554 73
2,99829 73
3,008285 74
3,017389 74
3,027379 75
3,036594 75
3,045475 76
3,054082 76
3,062503 77
3,071034 77
3,080011 76
3,089193 76
3,097976 77
3,106648 77
3,115866 76
3,124949 76
3,134039 77
3,143029 77
3,15159 78
3,160717 78
3,169309 79
3,17853 79
3,187165 78
3,196468 78
3,209614 79
3,218126 79
3,227192 80
3,236156 80
3,245552 81
3,254896 81
3,26491 82
3,274168 82
3,282382 81
3,291717 81
3,300231 82
3,309767 82
3,317752 81
3,32648 81
3,335448 82
3,344648 82
3,352918 83
3,361466 83
3,369802 82
3,378909 82
3,387074 81
3,395566 81
3,403727 82
3,412821 82
3,421023 81
3,430506 81
3,44055 80
3,45105 80
3,465051 79
3,475433 79
3,48383 78
3,493018 78
3,501398 77
3,510355 77
3,518942 76
3,527719 76
3,536131 77
3,544916 77
3,55371 78
3,562995 78
3,571973 79
3,580818 79
3,589565 80
3,599124 80
3,609151 79
3,619074 79
3,628361 80
3,637131 80
3,645601 81
3,654251 81
3,663476 82
3,673111 82
3,68203 81
3,691492 81
3,700398 80
3,710424 80
3,720248 79
3,732735 79
3,741695 78
3,750604 78
3,760053 77
3,769977 77
3,779224 78
3,787639 78
3,796318 77
3,804915 77
3,813895 78
3,821936 78
3,831093 77
3,839715 77
3,848846 76
3,857743 76
3,866206 77
3,875086 77
3,88391 76
3,892776 76
3,900993 75
3,909715 75
3,918475 74
3,927113 74
3,935383 75
3,944352 75
3,952761 76
3,962011 76
3,970876 77
3,980088 77
3,988377 78
3,99766 78
4,010821 79
4,019147 79
4,027981 80
4,037297 80
4,048528 81
4,058393 81
4,067126 80
4,076287 80
4,086781 79
4,095892 79
4,104136 78
4,112848 78
4,121033 79
4,129966 79
4,138273 78
4,147326 78
4,155665 77
4,16494 77
4,173486 76
4,183713 76
4,192937 75
4,201243 75
4,210681 76
4,219477 76
4,22822 77
4,236579 77
4,245681 76
4,254367 76
4,263646 77
4,272306 77
4,281448 76
4,290424 76
4,302981 77
4,312612 77
4,321209 76
4,330493 76
4,338898 75
4,348289 75
4,356598 74
4,365963 74
4,374938 75
4,383556 75
4,392549 74
4,400916 74
4,409624 73
4,417891 73
4,426363 72
4,434773 72
4,443373 73
4,452911 73
4,462475 72
4,470897 72
4,479434 71
4,487629 71
4,496409 70
4,50522 70
4,514359 69
4,522984 69
4,532094 68
4,541485 68
4,550452 67
4,559967 67
4,568543 66
4,577689 66
4,587347 65
4,59715 65
4,610461 66
4,61908 66
4,627963 67
4,636618 67
4,646147 68
4,655804 68
4,665653 69
4,67527 69
4,68355 70
4,693082 70
4,701653 71
4,712075 71
4,721146 72
4,730026 72
4,738554 71
4,748334 71
4,762808 72
4,771111 72
4,779541 73
4,788071 73
4,796462 72
4,804491 72
4,81335 71
4,821595 71
4,830198 70
4,838929 70
4,848167 69
4,856812 69
4,865673 68
4,874872 68
4,883121 67
4,895679 67
4,907095 68
4,917021 68
4,926228 69
4,935363 69
4,945006 70
4,954055 70
4,963548 71
4,972046 71
4,981256 72
4,990283 72
4,999663 73
5,009003 73
5,017083 72
5,025732 72
5,033976 71
5,042979 71
5,051215 70
5,059947 70
5,068592 71
5,077073 71
5,085642 70
5,094853 70
5,10323 71
5,11191 71
5,120132 70
5,131616 70
5,139909 71
5,149343 71
5,157553 70
5,166917 70
5,176212 69
5,185224 69
5,194561 68
5,203527 68
5,213142 69
5,222174 69
5,232007 68
5,24072 68
5,249869 67
5,259792 67
5,269418 66
5,278984 66
5,287673 65
5,296547 65
5,304715 64
5,313807 64
5,322046 63
5,33089 63
5,340233 64
5,350361 64
5,359346 65
5,367909 65
5,380495 66
5,38916 66
5,398787 65
5,407595 65
5,41724 64
5,426743 64
5,435443 65
5,444302 65
5,453163 66
5,463198 66
5,472665 65
5,482402 65
5,491462 64
5,50141 64
5,510551 63
5,518974 63
5,52791 62
5,536304 62
5,544931 63
5,55405 63
5,563279 62
5,57181 62
5,580954 61
5,590489 61
5,599608 60
5,608603 60
5,616746 59
5,628962 59
5,637311 60
5,646229 60
5,65476 59
5,663607 59
5,672535 58
5,682478 58
5,692311 57
5,701951 57
5,712101 56
5,720854 56
5,729493 57
5,738062 57
5,747753 56
5,756999 56
5,766834 55
5,776526 55
5,785473 56
5,794472 56
5,803074 55
5,812506 55
5,820874 54
5,829956 54
5,838181 53
5,847398 53
5,85549 52
5,86481 52
5,873048 51
5,88223 51
5,894652 50
5,90334 50
5,912642 49
5,921483 49
5,930464 48
5,939617 48
5,949794 47
5,960444 47
5,96993 46
5,978867 46
5,987365 47
5,997001 47
6,005511 46
6,015521 46
6,024188 45
6,034849 45
6,044033 44
6,05288 44
6,061858 43
6,070976 43
6,080116 44
6,089764 44
6,099625 43
6,109333 43
6,117939 42
6,127135 42
6,135881 41
6,145416 41
6,154982 40
6,163977 40
6,173083 39
6,186671 39
6,196364 38
6,207553 38
6,218365 39
6,227688 39
6,235893 40
6,245321 40
6,253894 41
6,264471 41
6,273711 42
6,28326 42
6,293787 43
6,302788 43
6,312089 44
6,320966 44
6,329727 45
6,338606 45
6,347646 46
6,356345 46
6,365414 47
6,374958 47
6,384192 48
6,39401 48
6,402916 49
6,411909 49
6,420427 50
6,429652 50
6,438076 51
6,448067 51
6,456555 52
6,46738 52
6,476861 53
6,488461 53
6,497674 54
6,507334 54
6,517179 55
6,526937 55
6,535599 56
6,544939 56
6,554358 57
6,563319 57
6,572028 58
6,580952 58
6,590205 59
6,600863 59
6,610002 60
6,618891 60
6,627935 61
6,636633 61
6,645494 62
6,654521 62
6,663318 63
6,672177 63
6,680711 64
6,689038 64
6,697519 65
6,705969 65
6,716916 66
6,727427 66
6,736697 65
6,745971 65
6,754856 64
6,763949 64
6,773241 65
6,78232 65
6,790807 66
6,804198 66
6,814104 67
6,822587 67
6,831532 68
6,840443 68
6,849802 69
6,858355 69
6,867844 70
6,877927 70
6,887577 71
6,896515 71
6,904928 70
6,914164 70
6,922772 69
6,931767 69
6,940514 68
6,950089 68
6,960244 67
6,968745 67
6,977371 66
6,985924 66
6,994349 65
7,002752 65
7,011869 66
7,020184 66
7,028944 67
7,037474 67
7,046558 66
7,054992 66
7,063511 67
7,072688 67
7,081978 68
7,091246 68
7,100788 67
7,110193 67
7,122076 66
7,131627 66
7,139797 65
7,149137 65
7,157514 66
7,166765 66
7,176801 67
7,18599 67
7,195294 66
7,204184 66
7,213551 67
7,22227 67
7,230766 68
7,239047 68
7,247859 69
7,256573 69
7,265978 68
7,27489 68
7,283641 67
7,292599 67
7,300927 66
7,310131 66
7,318763 65
7,328902 65
7,337664 64
7,347366 64
7,355716 63
7,364377 63
7,372859 62
7,382475 62
7,391239 63
7,400318 63
7,409375 62
7,418011 62
7,428165 63
7,437645 63
7,447482 64
7,456175 64
7,468805 63
7,481459 63
7,493594 62
7,502008 62
7,511386 61
7,520165 61
7,528977 60
7,537378 60
7,546059 59
7,554333 59
7,563314 60
7,57185 60
7,580536 59
7,589516 59
7,598535 58
7,607745 58
7,616575 57
7,625804 57
7,634507 58
7,643445 58
7,652241 59
7,661481 59
7,671116 58
7,679519 58
7,687723 57
7,700064 57
7,710372 58
7,719778 58
7,729175 59
7,73752 59
7,746289 60
7,755327 60
7,764802 59
7,773942 59
7,783823 60
7,792881 60
7,801157 61
7,810836 61
7,819685 60
7,828787 60
7,837392 59
7,84698 59
7,856075 60
7,865732 60
7,874874 61
7,884851 61
7,894883 60
7,903759 60
7,913144 59
7,922595 59
7,931604 60
7,939878 60
7,948797 61
7,961087 61
7,969784 62
7,979108 62
7,987914 61
7,997225 61
8,005856 60
8,015379 60
8,024258 61
8,034916 61
8,044144 60
8,053362 60
8,062313 59
8,071182 59
8,080076 58
8,089462 58
8,098385 57
8,107824 57
8,117577 58
8,12714 58
8,135614 59
8,145411 59
8,154776 60
8,163528 60
8,171858 61
8,181089 61
8,190012 62
8,198965 62
8,20834 63
8,218054 63
8,23077 64
8,239756 64
8,249371 63
8,258236 63
8,268166 62
8,277161 62
8,285416 61
8,29483 61
8,303593 60
8,312424 60
8,320644 59
8,329674 59
8,33823 60
8,34721 60
8,355391 59
8,364368 59
8,373268 60
8,382654 60
8,391085 61
8,401213 61
8,410936 60
8,419607 60
8,428513 59
8,437014 59
8,44603 58
8,454494 58
8,463642 57
8,471933 57
8,480928 56
8,489437 56
8,50079 55
8,509348 55
8,51832 54
8,527636 54
8,536301 53
8,545645 53
8,554558 54
8,563585 54
8,572222 55
8,581495 55
8,590559 54
8,601101 54
8,612196 55
8,621063 55
8,629944 56
8,638462 56
8,649027 55
8,658493 55
8,669014 54
8,678665 54
8,687601 55
8,697054 55
8,705896 54
8,715755 54
8,725065 53
8,735039 53
8,744507 52
8,753313 52
8,762724 51
8,771635 51
8,780472 50
8,789696 50
8,802708 49
8,81242 49
8,821531 48
8,830595 48
8,83922 47
8,848063 47
8,856337 46
8,865282 46
8,874004 45
8,88348 45
8,892727 44
8,902029 44
8,912613 43
8,921032 43
8,929501 42
8,938217 42
8,947044 43
8,955366 43
8,964249 42
8,972702 42
8,981632 43
8,99028 43
8,999258 42
9,00832 42
9,019314 43
9,029394 43
9,038692 44
9,048412 44
9,058214 45
9,069906 45
9,080105 46
9,090601 46
9,100435 47
9,115173 47
9,124374 48
9,135237 48
9,145496 47
9,155237 47
9,165649 48
9,179178 48
9,18874 49
9,199427 49
9,210081 48
9,221222 48
9,23068 47
9,239859 47
9,249681 46
9,259403 46
9,269825 45
9,279696 45
9,289789 44
9,299191 44
9,308754 45
9,319712 45
9,329224 46
9,33927 46
9,349245 47
9,358675 47
9,369127 48
9,37908 48
9,388264 49
9,397985 49
9,407122 50
9,416693 50
9,426334 51
9,43652 51
9,445978 52
9,455795 52
9,470888 51
9,480352 51
9,490059 52
9,500139 52
9,50964 51
9,519938 51
9,54196 50
9,551548 50
9,560835 49
9,570759 49
9,58073 50
9,590399 50
9,599829 49
9,609303 49
9,619648 50
9,629866 50
9,639219 51
9,648853 51
9,658489 52
9,669622 52
9,679438 53
9,689468 53
9,698982 52
9,713581 52
9,723568 53
9,735071 53
9,744659 52
9,754641 52
9,764309 51
9,77454 51
9,785614 50
9,795729 50
9,805498 49
9,815487 49
9,824848 48
9,83765 48
9,850283 47
9,861799 47
9,874876 46
9,88686 46
9,897549 45
9,90752 45
9,917309 44
9,926079 44
9,935608 43
9,945019 43
9,953756 42
9,963453 42
9,972639 43
9,98139 43
9,989851 44
10,00315 44
10,01288 45
10,02184 45
10,03102 46
10,03956 46
10,04838 47
10,05683 47
10,06618 46
10,07554 46
10,08568 47
10,09556 47
10,104 46
10,11283 46
10,12152 45
10,1307 45
10,13973 44
10,14912 44
10,15782 43
10,16891 43
10,17817 42
10,18767 42
10,19669 43
10,20587 43
10,2156 44
10,22443 44
10,23392 43
10,24288 43
10,25217 42
10,26399 42
10,27697 41
10,28696 41
10,29658 40
10,30539 40
10,31414 41
10,32318 41
10,3319 42
10,34058 42
10,3501 43
10,35882 43
10,36863 44
10,37761 44
10,38671 45
10,39618 45
10,40561 46
10,4157 46
10,42434 47
10,43373 47
10,44226 48
10,4516 48
10,46159 49
10,47168 49
10,48011 50
10,48871 50
10,49795 51
10,50676 51
10,51652 52
10,526 52
10,53499 53
10,54783 53
10,55661 54
10,56603 54
10,57504 55
10,58561 55
10,59492 56
10,60379 56
10,61253 57
10,62152 57
10,63048 58
10,63898 58
10,64857 59
10,65774 59
10,66681 60
10,67546 60
10,68527 59
10,69433 59
10,7029 58
10,71293 58
10,72152 57
10,73112 57
10,74014 58
10,74953 58
10,75823 59
10,76791 59
10,77624 60
10,78608 60
10,79518 61
10,8037 61
10,81263 62
10,8208 62
10,82943 61
10,84147 61
10,85465 62
10,8634 62
10,87244 61
10,88196 61
10,89067 60
10,90051 60
10,91072 59
10,92111 59
10,93019 60
10,93894 60
10,94871 61
10,95902 61
10,96969 62
10,97885 62
10,98787 61
10,99659 61
11,00507 60
11,0139 60
11,02269 59
11,03148 59
11,03993 58
11,0489 58
11,05711 59
11,06603 59
11,07491 60
11,08518 60
11,09846 61
11,10806 61
11,11811 60
11,12788 60
11,13757 59
11,1475 59
11,15755 58
11,16694 58
11,17621 57
11,18575 57
11,19604 58
11,20461 58
11,21361 59
11,22332 59
11,23287 58
11,24209 58
11,25195 59
11,26216 59
11,27093 58
11,27994 58
11,2886 59
11,29748 59
11,30695 60
11,3161 60
11,32465 59
11,33489 59
11,34373 58
11,35304 58
11,36244 57
11,37654 57
11,38616 56
11,39557 56
11,40416 57
11,41306 57
11,42172 58
11,43081 58
11,43955 59
11,44874 59
11,45717 60
11,46643 60
11,47568 59
11,48508 59
11,49402 58
11,50307 58
11,51251 59
11,52122 59
11,53021 58
11,53899 58
11,54865 59
11,55741 59
11,56711 58
11,57567 58
11,58712 59
11,59674 59
11,60524 58
11,61455 58
11,62311 59
11,63261 59
11,64137 58
11,65409 58
11,6633 59
11,67248 59
11,68203 58
11,69139 58
11,70031 57
11,71025 57
11,72005 56
11,72979 56
11,73848 57
11,74752 57
11,75616 56
11,76549 56
11,77419 57
11,78355 57
11,79229 56
11,80227 56
11,8128 57
11,82209 57
11,83138 58
11,83991 58
11,84857 57
11,85689 57
11,866 58
11,87515 58
11,88411 57
11,8928 57
11,90158 56
11,91035 56
11,91985 55
11,92994 55
11,94292 54
11,9538 54
11,96346 53
11,97273 53
11,9816 54
11,9902 54
11,99882 55
12,00744 55
12,01625 56
12,02522 56
12,03466 57
12,04356 57
12,05291 58
12,062 58
12,07084 59
12,08075 59
12,08997 58
12,0986 58
12,10754 59
12,11674 59
12,12591 58
12,13585 58
12,14548 59
12,15515 59
12,16433 58
12,1741 58
12,18312 57
12,19226 57
12,20104 56
12,21088 56
12,22028 55
12,22951 55
12,23792 56
12,24706 56
12,25928 57
12,26935 57
12,27868 58
12,28791 58
12,2976 59
12,30759 59
12,31695 58
12,32586 58
12,33733 57
12,34729 57
12,35572 56
12,36453 56
12,37337 55
12,3823 55
12,39134 54
12,4004 54
12,40987 53
12,41977 53
12,42957 52
12,43852 52
12,44713 51
12,45563 51
12,46433 52
12,47307 52
12,48195 53
12,49072 53
12,50007 52
12,5084 52
12,51732 53
12,52622 53
12,53629 52
12,54515 52
12,55408 51
12,56347 51
12,57228 50
12,5851 50
12,59402 51
12,60381 51
12,61349 50
12,62285 50
12,63181 49
12,64037 49
12,64945 50
12,6577 50
12,66668 51
12,67536 51
12,6848 52
12,69315 52
12,70213 53
12,71194 53
12,72119 54
12,73096 54
12,73962 53
12,7494 53
12,758 54
12,76736 54
12,77691 53
12,78617 53
12,79482 52
12,80373 52
12,81255 51
12,82098 51
12,8298 50
12,83891 50
12,84766 49
12,85587 49
12,86439 48
12,87278 48
12,88173 47
12,89051 47
12,89957 46
12,91253 46
12,92127 45
12,93106 45
12,93957 44
12,9493 44
12,95981 43
12,97144 43
12,98066 42
12,99051 42
12,99969 41
13,00894 41
13,01754 42
13,02707 42
13,0365 43
13,0465 43
13,05612 44
13,06546 44
13,07418 45
13,08378 45
13,0928 46
13,10226 46
13,11127 47
13,12148 47
13,1308 48
13,1402 48
13,14882 49
13,15725 49
13,1664 50
13,17528 50
13,18404 51
13,19298 51
13,20191 52
13,21196 52
13,22142 53
13,23087 53
13,23888 54
13,24794 54
13,25614 55
13,26505 55
13,27742 56
13,28705 56
13,29622 57
13,30548 57
13,31465 58
13,32406 58
13,33405 59
13,34276 59
13,35166 60
13,35985 60
13,36939 59
13,37776 59
13,38775 60
13,39676 60
13,40565 59
13,41451 59
13,42262 60
13,43148 60
13,43969 59
13,44887 59
13,45713 58
13,46658 58
13,47539 57
13,48465 57
13,49354 56
13,5026 56
13,51163 55
13,52098 55
13,53096 56
13,54077 56
13,551 57
13,5604 57
13,57155 58
13,5812 58
13,59024 59
13,59915 59
13,60814 60
13,61749 60
13,62641 61
13,63567 61
13,64459 60
13,65729 60
13,67073 59
13,68055 59
13,68954 58
13,69826 58
13,70698 57
13,71622 57
13,72498 58
13,73473 58
13,74307 59
13,75238 59
13,76125 60
13,77187 60
13,78148 61
13,79065 61
13,79958 62
13,8083 62
13,81729 63
13,82609 63
13,8363 64
13,84569 64
13,85441 63
13,86412 63
13,87286 64
13,88167 64
13,8903 65
13,90364 65
13,9145 66
13,92315 66
13,93278 67
13,94147 67
13,95119 66
13,9611 66
13,97109 67
13,98015 67
13,98879 68
13,99782 68
14,00665 67
14,01677 67
14,02567 68
14,0358 68
14,04534 69
14,05527 69
14,06416 68
14,07292 68
14,08142 67
14,09043 67
14,09947 66
14,10804 66
14,11704 65
14,12555 65
14,13478 64
14,14341 64
14,15314 63
14,16193 63
14,17479 62
14,18433 62
14,1935 61
14,20279 61
14,21291 62
14,22242 62
14,23106 63
14,23932 63
14,24798 64
14,25636 64
14,26475 65
14,27324 65
14,28181 64
14,29026 64
14,29919 63
14,30775 63
14,31687 64
14,32595 64
14,33563 65
14,34411 65
14,35347 66
14,36193 66
14,37138 67
14,38184 67
14,39057 66
14,39976 66
14,40862 65
14,41919 65
14,42825 66
14,43756 66
14,44685 65
14,45854 65
14,46791 64
14,4775 64
14,48794 63
14,49737 63
14,50601 62
14,51526 62
14,52331 61
14,53241 61
14,54062 60
14,54993 60
14,55798 59
14,56684 59
14,57534 58
14,58551 58
14,59487 57
14,60377 57
14,61224 56
14,62177 56
14,63161 55
14,64017 55
14,64901 54
14,65742 54
14,66635 55
14,67511 55
14,68375 54
14,69293 54
14,70176 53
14,7118 53
14,72152 52
14,73123 52
14,73966 51
14,75224 51
14,76089 52
14,77194 52
14,78222 51
14,79109 51
14,8005 52
14,80955 52
14,81938 53
14,82838 53
14,8385 52
14,84809 52
14,85687 53
14,86575 53
14,87443 54
14,88373 54
14,89317 55
14,90257 55
14,91148 56
14,92162 56
14,93165 57
14,94061 57
14,95008 58
14,96007 58
14,96962 57
14,97816 57
14,98765 58
14,99695 58
15,00638 57
15,01615 57
15,02496 56
15,0344 56
15,04302 55
15,05338 55
15,06438 54
15,07853 54
15,09002 53
15,1003 53
15,10953 52
15,11941 52
15,12849 51
15,13955 51
15,14967 52
15,1589 52
15,16862 51
15,18147 51
15,19117 50
15,20023 50
15,2096 49
15,21959 49
15,22879 50
15,24019 50
15,25079 49
15,26012 49
15,27027 50
15,27918 50
15,28964 49
15,29862 49
15,30769 48
15,31687 48
15,32622 47
15,33665 47
15,3479 46
15,35733 46
15,36661 45
15,3766 45
15,38616 44
15,39564 44
15,40502 45
15,41606 45
15,4296 44
15,44026 44
15,44996 45
15,46046 45
15,47087 44
15,48044 44
15,48955 43
15,49995 43
15,50883 42
15,51868 42
15,52881 41
15,54005 41
15,5502 40
15,55968 40
15,56963 39
15,57987 39
15,59168 38
15,60188 38
15,61192 39
15,6238 39
15,63372 40
15,64332 40
15,65281 41
15,66165 41
15,67136 42
15,6811 42
15,69033 43
15,69956 43
15,70983 44
15,71952 44
15,72782 45
15,73746 45
15,74683 46
15,75567 46
15,76581 47
15,77516 47
15,78434 48
15,79332 48
15,80678 49
15,81602 49
15,82579 48
15,83697 48
15,8459 49
15,85595 49
15,86556 50
15,87494 50
15,88463 49
15,89388 49
15,90349 50
15,91255 50
15,92204 51
15,93222 51
15,94066 52
15,94972 52
15,95883 53
15,96856 53
15,97697 54
15,98617 54
15,99533 55
16,00506 55
16,01516 56
16,02428 56
16,03331 57
16,04207 57
16,051 56
16,05941 56
16,06833 55
16,07704 55
16,08746 54
16,09878 54
16,10899 53
16,11874 53
16,12829 52
16,13896 52
16,14931 51
16,15908 51
16,1689 50
16,18258 50
16,19596 49
16,20638 49
16,21727 50
16,22681 50
16,23601 51
16,24506 51
16,25519 50
16,26441 50
16,27344 49
16,28242 49
16,29197 48
16,30135 48
16,31062 49
16,31941 49
16,32855 48
16,33917 48
16,34813 49
16,35641 49
16,36532 50
16,37405 50
16,38262 51
16,39128 51
16,40042 52
16,40943 52
16,41859 51
16,42726 51
16,43656 50
16,44511 50
16,45464 51
16,46456 51
16,47328 52
16,48234 52
16,49107 53
16,50003 53
16,50867 54
16,51732 54
16,52589 55
16,53506 55
16,54421 56
16,55449 56
16,56329 57
16,57676 57
16,58755 58
16,59731 58
16,60604 59
16,61515 59
16,62324 58
16,63264 58
16,64098 57
16,65005 57
16,65897 56
16,66804 56
16,67656 57
16,68582 57
16,69435 56
16,70368 56
16,71332 55
16,72281 55
16,73218 54
16,74074 54
16,74929 53
16,75805 53
16,76669 52
16,77498 52
16,78372 51
16,79276 51
16,80155 50
16,81052 50
16,81983 49
16,82827 49
16,83822 50
16,84827 50
16,8567 51
16,86589 51
16,87458 50
16,88425 50
16,89414 49
16,90417 49
16,91345 50
16,92387 50
16,93346 51
16,94267 51
16,95165 50
16,96111 50
16,97394 49
16,98668 49
16,99576 50
17,00567 50
17,01577 49
17,02458 49
17,03387 50
17,04276 50
17,05233 51
17,06078 51
17,06987 52
17,07828 52
17,08744 51
17,09562 51
17,10525 50
17,11451 50
17,12367 49
17,13272 49
17,14144 50
17,1517 50
17,16241 51
17,17269 51
17,18276 50
17,1917 50
17,20043 49
17,21425 49
17,22308 50
17,23252 50
17,24074 51
17,24922 51
17,25748 50
17,26624 50
17,27443 49
17,28336 49
17,2916 50
17,30013 50
17,30859 51
17,31762 51
17,32588 52
17,33571 52
17,34529 51
17,35429 51
17,36287 50
17,37227 50
17,38115 51
17,39013 51
17,39935 52
17,40833 52
17,41698 51
17,42532 51
17,43382 50
17,44201 50
17,45062 51
17,4598 51
17,46852 52
17,4823 52
17,49133 51
17,50028 51
17,50918 50
17,51804 50
17,52634 51
17,53528 51
17,54348 50
17,55236 50
17,56102 49
17,57003 49
17,57837 48
17,58824 48
17,5966 47
17,60593 47
17,61571 48
17,62477 48
17,63369 47
17,64249 47
17,65171 48
17,66037 48
17,66959 49
17,6782 49
17,68752 48
17,69614 48
17,70539 49
17,71494 49
17,72436 50
17,7336 50
17,74171 51
17,75067 51
17,76336 52
17,77359 52
17,78314 53
17,79165 53
17,80028 52
17,80943 52
17,81867 53
17,82745 53
17,83781 54
17,84705 54
17,85606 55
17,86559 55
17,87436 56
17,88332 56
17,8926 55
17,90187 55
17,9108 54
17,92023 54
17,92926 53
17,93908 53
17,94891 52
17,95793 52
17,96717 51
17,97601 51
17,9854 50
17,99454 50
18,00357 49
18,01248 49
18,02157 50
18,03007 50
18,0391 49
18,04866 49
18,06082 50
18,06951 50
18,07789 49
18,0877 49
18,09669 50
18,10678 50
18,11656 51
18,12521 51
18,13378 50
18,14355 50
18,15252 49
18,16121 49
18,17045 50
18,17951 50
18,19298 51
18,20603 51
18,21861 50
18,23214 50
18,2449 49
18,257 49
18,26765 50
18,2807 50
18,29032 51
18,29939 51
18,30783 52
18,31696 52
18,32636 51
18,33687 51
18,34533 52
18,35481 52
18,36346 51
18,3738 51
18,38345 50
18,39228 50
18,40455 51
18,41316 51
18,42246 50
18,43207 50
18,44082 51
18,45022 51
18,46107 50
18,47096 50
18,47928 51
18,48961 51
18,49862 52
18,5077 52
18,51674 51
18,52552 51
18,53419 50
18,54304 50
18,55231 49
18,5617 49
18,57162 48
18,5802 48
18,59024 47
18,60059 47
18,60989 46
18,61899 46
18,62755 45
18,6369 45
18,64621 46
18,65629 46
18,66565 47
18,67467 47
18,68376 48
18,69338 48
18,7029 47
18,71302 47
18,7224 46
18,73209 46
18,74534 47
18,75491 47
18,7639 48
18,77318 48
18,78287 49
18,79174 49
18,80076 50
18,80957 50
18,81871 51
18,82802 51
18,83816 50
18,84746 50
18,85654 51
18,86639 51
18,87524 52
18,88472 52
18,89408 51
18,9035 51
18,91265 50
18,92236 50
18,93164 49
18,94104 49
18,95031 48
18,96031 48
18,96969 49
18,97842 49
18,98714 48
18,99603 48
19,00522 47
19,01444 47
19,02427 48
19,03389 48
19,04276 47
19,05218 47
19,06082 48
19,07029 48
19,07894 47
19,09445 47
19,10437 48
19,1135 48
19,12312 49
19,13271 49
19,14165 48
19,15098 48
19,15981 47
19,16923 47
19,18093 46
19,19033 46
19,19935 45
19,20819 45
19,23689 44
19,24697 44
19,25763 43
19,2674 43
19,27674 44
19,28617 44
19,29482 43
19,3038 43
19,3127 42
19,32245 42
19,33133 43
19,34072 43
19,35099 42
19,35987 42
19,36889 43
19,37757 43
19,38678 42
19,396 42
19,40558 41
19,41526 41
19,42379 40
19,43366 40
19,4423 39
19,45143 39
19,46142 38
19,4713 38
19,47979 39
19,48959 39
19,49849 40
19,50838 40
19,51719 41
19,5296 41
19,54215 42
19,55387 42
19,56215 43
19,57182 43
19,58047 44
19,59124 44
19,60099 45
19,61013 45
19,61961 46
19,62879 46
19,63871 45
19,64752 45
19,65681 46
19,66702 46
19,6769 47
19,68624 47
19,69548 48
19,70442 48
19,71395 49
19,72329 49
19,73293 48
19,74179 48
19,75056 49
19,75931 49
19,76834 48
19,77713 48
19,78612 49
19,79551 49
19,80468 48
19,81363 48
19,82586 49
19,83618 49
19,84514 50
19,85444 50
19,86253 51
19,87112 51
19,87929 50
19,88875 50
19,89761 51
19,90718 51
19,91579 50
19,92429 50
19,93336 49
19,94157 49
19,95049 48
19,96051 48
19,96939 47
19,97865 47
19,98724 48
19,99566 48
20,00456 49
20,01339 49
20,02201 50
20,03052 50
20,03953 49
20,04885 49
20,05724 50
20,06594 50
20,0749 49
20,08448 49
20,09503 50
20,10366 50
20,112 51
20,12473 51
20,13379 50
20,14205 50
20,15083 49
20,15932 49
20,16811 48
20,17675 48
20,18544 47
20,19385 47
20,20232 48
20,21182 48
20,22071 49
20,22908 49
20,23801 50
20,24771 50
20,25719 51
20,26628 51
20,27503 50
20,28435 50
20,29387 49
20,30363 49
20,31305 50
20,32252 50
20,33177 51
20,341 51
20,35076 52
20,35958 52
20,36816 53
20,37684 53
20,38648 54
20,39498 54
20,40365 55
20,41205 55
20,42046 56
20,43329 56
20,44143 57
20,45067 57
20,46047 56
20,46946 56
20,4779 55
20,48702 55
20,4954 54
20,50487 54
20,51311 53
20,52212 53
20,53079 52
20,54045 52
20,55006 51
20,55848 51
20,5672 50
20,57575 50
20,5857 51
20,59489 51
20,60353 52
20,61193 52
20,62038 53
20,62951 53
20,63846 52
20,64762 52
20,65749 53
20,66666 53
20,67524 52
20,68417 52
20,6934 53
20,70261 53
20,7115 54
20,72043 54
20,72911 53
20,73798 53
20,75183 52
20,76101 52
20,77077 51
20,77923 51
20,78879 52
20,7979 52
20,80771 53
20,81721 53
20,82617 52
20,83654 52
20,84564 51
20,85493 51
20,86343 52
20,87346 52
20,88213 51
20,89211 51
20,90165 50
20,91034 50
20,91997 51
20,92974 51
20,9393 52
20,94825 52
20,95742 51
20,96701 51
20,97563 52
20,98453 52
20,99294 53
21,00141 53
21,01018 54
21,01892 54
21,02906 55
21,03824 55
21,04696 54
21,05632 54
21,06538 53
21,07474 53
21,08374 52
21,09288 52
21,10528 53
21,11452 53
21,1242 54
21,13325 54
21,14173 55
21,15116 55
21,15961 54
21,16843 54
21,17685 53
21,18568 53
21,19422 54
21,20285 54
21,21227 55
21,22162 55
21,23094 56
21,2404 56
21,24985 55
21,25875 55
21,26798 56
21,27664 56
21,28557 55
21,2954 55
21,30419 56
21,31274 56
21,32169 55
21,33209 55
21,34236 54
21,35313 54
21,36215 53
21,37112 53
21,37946 52
21,38828 52
21,39672 53
21,40598 53
21,41483 54
21,42453 54
21,43386 55
21,4429 55
21,4523 54
21,4661 54
21,47571 53
21,4851 53
21,49391 52
21,50309 52
21,51212 51
21,52125 51
21,53018 52
21,53949 52
21,54852 53
21,55917 53
21,56816 52
21,57704 52
21,58669 51
21,59566 51
21,60435 50
21,61329 50
21,6226 51
21,63174 51
21,64196 50
21,65171 50
21,6605 49
21,67006 49
21,67906 50
21,68851 50
21,69744 49
21,7073 49
21,71661 48
21,72602 48
21,73512 47
21,74425 47
21,75357 46
21,76254 46
21,77162 45
21,78052 45
21,79013 46
21,7998 46
21,80964 47
21,8193 47
21,82822 46
21,83834 46
21,84755 45
21,86128 45
21,8701 46
21,87836 46
21,8874 47
21,89643 47
21,90539 48
21,91479 48
21,92384 49
21,93382 49
21,94264 48
21,95199 48
21,96173 49
21,97125 49
21,9803 48
21,98951 48
21,99822 47
22,00811 47
22,01726 46
22,02588 46
22,03557 45
22,04478 45
22,05408 44
22,06305 44
22,07223 45
22,08121 45
22,09229 46
22,10271 46
22,11229 47
22,12175 47
22,13135 48
22,14095 48
22,15564 49
22,17177 49
22,18335 50
22,19372 50
22,20295 51
22,21275 51
22,22218 50
22,23121 50
22,24081 51
22,25005 51
22,2595 50
22,26876 50
22,28084 49
22,29472 49
22,30402 48
22,31287 48
22,32189 47
22,33123 47
22,34098 46
22,35009 46
22,3592 47
22,3696 47
22,37865 48
22,38951 48
22,3992 49
22,40921 49
22,41852 50
22,42821 50
22,43748 51
22,44706 51
22,45626 50
22,46616 50
22,47548 49
22,48547 49
22,49427 50
22,50367 50
22,51232 51
22,52234 51
22,53173 52
22,54137 52
22,55058 53
22,56327 53
22,57273 54
22,58118 54
22,59056 55
22,59985 55
22,60935 56
22,61847 56
22,62762 55
22,63651 55
22,64537 56
22,65495 56
22,66381 55
22,67375 55
22,68225 54
22,69171 54
22,70057 53
22,71101 53
22,72008 54
22,72905 54
22,73788 55
22,74702 55
22,75639 54
22,7655 54
22,77524 55
22,78485 55
22,79362 56
22,80302 56
22,81193 55
22,82082 55
22,83014 54
22,84025 54
22,84894 55
22,85883 55
22,87159 56
22,88066 56
22,88991 55
22,89858 55
22,90794 54
22,91687 54
22,92562 53
22,93468 53
22,94336 54
22,95287 54
22,96201 55
22,97193 55
22,98035 54
22,98972 54
22,99818 53
23,0081 53
23,01797 54
23,02683 54
23,03608 55
23,04522 55
23,05453 54
23,06372 54
23,07301 55
23,08183 55
23,09232 54
23,10197 54
23,11147 55
23,12027 55
23,12882 54
23,13966 54
23,14833 53
23,15746 53
23,16567 54
23,17451 54
23,18401 55
23,19656 55
23,206 56
23,21502 56
23,22397 55
23,23245 55
23,24104 54
23,24945 54
23,2582 55
23,26795 55
23,27649 54
23,28541 54
23,29397 55
23,30293 55
23,31165 54
23,32177 54
23,33121 53
23,34177 53
23,35139 52
23,36015 52
23,36931 51
23,37782 51
23,38659 50
23,39503 50
23,40404 49
23,41344 49
23,42286 48
23,43217 48
23,44181 47
23,45228 47
23,46165 48
23,47185 48
23,4805 49
23,48989 49
23,49856 50
23,50865 50
23,51793 51
23,53051 51
23,54 52
23,54926 52
23,55924 53
23,56835 53
23,57681 52
23,58682 52
23,59553 51
23,60468 51
23,61344 52
23,62292 52
23,63221 53
23,64207 53
23,6517 52
23,6609 52
23,66982 51
23,67877 51
23,68768 50
23,6964 50
23,70571 49
23,71514 49
23,72446 48
23,73333 48
23,74232 47
23,75146 47
23,75984 46
23,76923 46
23,77746 45
23,78616 45
23,7943 44
23,80285 44
23,81096 45
23,81929 45
23,82784 46
23,83779 46
23,84634 45
23,85517 45
23,86326 44
23,87728 44
23,88758 45
23,89741 45
23,90795 46
23,91752 46
23,92878 47
23,93889 47
23,9485 48
23,95819 48
23,96742 49
23,97659 49
23,98583 50
23,99548 50
24,00447 51
24,01308 51
24,02239 52
24,03093 52
24,04029 51
24,04953 51
24,05946 50
24,06995 50
24,07909 51
24,08988 51
24,09904 52
24,10932 52
24,11883 51
24,12766 51
24,13783 50
24,14724 50
24,15617 49
24,16538 49
24,17653 48
24,18633 48
24,19507 49
24,20524 49
24,2153 48
24,22587 48
24,23555 47
24,24406 47
24,25654 48
24,26555 48
24,27545 47
24,28465 47
24,29336 46
24,30427 46
24,31319 45
24,32207 45
24,3308 44
24,34015 44
24,34929 43
24,35837 43
24,36729 42
24,37681 42
24,38651 41
24,39548 41
24,40476 42
24,41404 42
24,4231 43
24,43222 43
24,44197 44
24,45219 44
24,4632 45
24,47289 45
24,48116 44
24,49119 44
24,49933 45
24,50879 45
24,5178 46
24,52726 46
24,53679 47
24,54532 47
24,55443 46
24,56346 46
24,57198 47
24,58044 47
24,59012 48
24,59842 48
24,6075 49
24,61632 49
24,62651 48
24,63653 48
24,64879 49
24,65878 49
24,66723 50
24,67616 50
24,68516 51
24,694 51
24,70319 52
24,71366 52
24,72341 53
24,73184 53
24,74075 54
24,74911 54
24,7585 55
24,76723 55
24,77663 56
24,78612 56
24,79453 57
24,80316 57
24,81159 56
24,81991 56
24,82822 57
24,83763 57
24,84647 58
24,85546 58
24,86372 59
24,87256 59
24,88076 60
24,88962 60
24,89771 61
24,90648 61
24,91474 60
24,92372 60
24,93208 59
24,94193 59
24,95047 60
24,96071 60
24,97003 61
24,9781 61
24,98661 60
24,9948 60
25,00333 59
25,0118 59
25,02069 60
25,03024 60
25,04307 61
25,053 61
25,06114 62
25,06981 62
25,07815 61
25,08684 61
25,09566 62
25,10505 62
25,11428 63
25,12352 63
25,13201 64
25,14145 64
25,14998 63
25,15934 63
25,1681 62
25,17705 62
25,18594 63
25,19453 63
25,20315 62
25,21242 62
25,22116 63
25,22958 63
25,23863 62
25,24705 62
25,25562 63
25,26426 63
25,27293 62
25,28137 62
25,28983 63
25,29804 63
25,30686 62
25,31544 62
25,32453 61
25,33425 61
25,34368 62
25,35353 62
25,36264 63
25,37188 63
25,38033 64
25,38903 64
25,39713 65
25,4065 65
25,41503 64
25,42419 64
25,43283 63
25,44228 63
25,45065 64
25,46474 64
25,47372 65
25,4825 65
25,49217 64
25,50107 64
25,51099 63
25,52039 63
25,52919 62
25,53862 62
25,54701 63
25,55598 63
25,56488 64
25,57427 64
25,58356 63
25,5932 63
25,60198 64
25,61065 64
25,61934 65
25,62759 65
25,63619 64
25,64471 64
25,6534 63
25,66193 63
25,67039 64
25,67872 64
25,68731 63
25,69548 63
25,70408 62
25,71288 62
25,72131 61
25,72948 61
25,73825 60
25,74654 60
25,75503 61
25,76321 61
25,77218 62
25,78141 62
25,79103 61
25,80029 61
25,80987 60
25,81966 60
25,82866 61
25,8378 61
25,84645 62
25,85556 62
25,86379 61
25,87373 61
25,88344 62
25,89669 62
25,91324 61
25,92492 61
25,93486 60
25,94771 60
25,96202 59
25,9733 59
25,98402 58
25,99606 58
26,00895 57
26,01846 57
26,03015 58
26,04012 58
26,04939 59
26,05833 59
26,06717 58
26,07927 58
26,09113 57
26,10054 57
26,11084 58
26,12032 58
26,12848 59
26,13696 59
26,14512 58
26,15444 58
26,16251 59
26,17212 59
26,18168 60
26,19209 60
26,20594 59
26,2162 59
26,22677 58
26,23774 58
26,24704 57
26,25633 57
26,26559 56
26,27555 56
26,28412 55
26,29448 55
26,30384 54
26,31299 54
26,32247 53
26,33096 53
26,33994 52
26,34839 52
26,35703 53
26,36554 53
26,37467 52
26,38342 52
26,39311 53
26,40255 53
26,41123 52
26,42077 52
26,4291 53
26,43804 53
26,44705 54
26,45612 54
26,46462 55
26,47334 55
26,48207 56
26,49125 56
26,49972 57
26,5129 57
26,52155 58
26,53119 58
26,54209 59
26,55305 59
26,56218 60
26,57132 60
26,57954 61
26,58875 61
26,59712 60
26,60625 60
26,61467 59
26,62363 59
26,63232 60
26,64206 60
26,65057 59
26,65962 59
26,66798 58
26,67712 58
26,68631 59
26,69578 59
26,70432 60
26,71434 60
26,72305 61
26,73149 61
26,74015 60
26,74879 60
26,75732 59
26,76604 59
26,7755 58
26,78407 58
26,79325 59
26,80387 59
26,81276 58
26,82527 58
26,83534 57
26,84491 57
26,85419 56
26,86306 56
26,87177 55
26,88104 55
26,89013 54
26,89853 54
26,90743 53
26,91567 53
26,92458 52
26,93326 52
