0 74
0,01065254 74
0,02052414 75
0,03248382 75
0,04255056 76
0,05199122 76
0,06223655 77
0,07211852 77
0,08331382 78
0,09457052 78
0,1044297 79
0,1148752 79
0,1251835 80
0,1349024 80
0,1443926 81
0,1533266 81
0,1636841 80
0,1742575 80
0,1873518 79
0,1982664 79
0,2080091 78
0,2166107 78
0,2251877 77
0,2335814 77
0,2423929 76
0,2513005 76
0,2600898 75
0,2685443 75
0,2773502 74
0,2858334 74
0,2950444 73
0,3036464 73
0,3131913 73
0,3227217 73
0,3316031 74
0,3410224 74
0,3495219 73
0,3580396 73
0,3666295 74
0,3756008 74
0,3840991 75
0,3935882 75
0,4023378 76
0,4141719 76
0,4232476 77
0,4321431 77
0,4411274 78
0,4495704 78
0,4591599 79
0,4680762 79
0,4776988 80
0,4871558 80
0,4969722 81
0,5072526 81
0,5164895 82
0,5260621 82
0,5347123 83
0,5439199 83
0,5523962 82
0,5610554 82
0,5702045 83
0,5795407 83
0,5889416 82
0,5992019 82
0,6079828 83
0,6194683 83
0,6282787 82
0,6369227 82
0,646507 83
0,6554413 83
0,6643404 84
0,6734341 84
0,6821269 83
0,6912667 83
0,6998322 82
0,7099276 82
0,7194645 81
0,7283568 81
0,736521 82
0,745528 82
0,7540684 83
0,7632883 83
0,7719045 84
0,7806454 84
0,7900665 83
0,7985916 83
0,8080463 84
0,817255 84
0,8257918 83
0,8356786 83
0,8450053 82
0,8543971 82
0,863626 81
0,8727055 81
0,8816261 80
0,8908737 80
0,8992026 79
0,9114652 79
0,9199121 78
0,9290764 78
0,937325 77
0,9463382 77
0,9569128 76
0,9674509 76
0,9775732 75
0,9872968 75
0,9974163 74
1,007549 74
1,017916 73
1,028651 73
1,037926 72
1,047984 71
1,057583 71
1,067086 72
1,076206 72
1,085711 71
1,095862 71
1,104914 70
1,114141 70
1,122874 69
1,131497 69
1,141706 68
1,150904 68
1,160162 67
1,169085 67
1,179234 66
1,188409 66
1,198344 65
1,21029 65
1,223741 64
1,232156 64
1,241349 63
1,249894 63
1,25894 62
1,267808 62
1,276751 61
1,287862 61
1,29763 60
1,307555 60
1,31687 59
1,326417 59
1,336508 58
1,346133 58
1,355341 57
1,364146 57
1,373337 56
1,382157 56
1,391694 55
1,400158 55
1,409705 54
1,418026 54
1,427039 53
1,43551 53
1,444527 52
1,453261 52
1,462516 51
1,471688 51
1,480003 50
1,488781 50
1,498168 49
1,507738 49
1,516535 48
1,525986 48
1,535679 47
1,548529 47
1,558657 46
1,568092 46
1,577214 45
1,587388 45
1,597648 44
1,606914 44
1,61536 43
1,624593 43
1,632783 42
1,641553 42
1,650059 41
1,659088 41
1,667616 40
1,676154 40
1,68435 41
1,693712 41
1,702369 42
1,712749 42
1,722807 43
1,731749 43
1,740889 44
1,75038 44
1,75932 45
1,768471 45
1,777642 46
1,786408 46
1,79901 47
1,809271 47
1,817652 48
1,826545 48
1,835441 49
1,845002 49
1,853424 50
1,862107 50
1,87053 51
1,879682 51
1,888291 52
1,897497 52
1,906723 53
1,915602 53
1,924472 54
1,933008 54
1,941907 55
1,950677 55
1,961001 56
1,969682 56
1,978348 57
1,986831 57
1,995603 58
2,004472 58
2,014363 59
2,02376 59
2,032782 60
2,042123 60
2,054459 59
2,06382 59
2,074318 60
2,083941 60
2,0933 59
2,101982 59
2,110704 60
2,119217 60
2,128515 61
2,136968 61
2,145797 62
2,155252 62
2,164749 63
2,17501 63
2,183806 64
2,193137 64
2,2013 65
2,210985 65
2,219715 66
2,228947 66
2,23722 67
2,245841 67
2,254397 68
2,2634 68
2,271666 69
2,281286 69
2,291316 70
2,300929 70
2,310385 71
2,322171 71
2,331848 72
2,341716 72
2,350783 73
2,359831 73
2,368733 74
2,377315 74
2,385746 75
2,395107 75
2,40854 76
2,417469 76
2,426233 77
2,435036 77
2,443865 78
2,452463 78
2,462045 77
2,470785 77
2,47979 78
2,488705 78
2,498702 77
2,509056 77
2,51819 78
2,527653 78
2,536483 77
2,546448 77
2,555403 76
2,565701 76
2,57626 75
2,586778 75
2,596626 76
2,605538 76
2,615261 75
2,624774 75
2,633621 74
2,642712 74
2,651294 73
2,66047 73
2,669555 72
2,679527 72
2,6881 71
2,698683 71
2,709881 70
2,719769 70
2,729548 69
2,742672 69
2,757615 68
2,76663 68
2,775462 67
2,784061 67
2,792703 66
2,801022 66
2,809944 65
2,81824 65
2,826893 64
2,836125 64
2,844923 65
2,853255 65
2,861614 66
2,870128 66
2,878473 67
2,886997 67
2,895411 68
2,903593 68
2,912333 69
2,920881 69
2,929615 70
2,937809 70
2,947491 71
2,956484 71
2,969643 72
2,979546 72
2,988554 73
2,99829 73
3,008285 74
3,017389 74
3,027379 75
3,036594 75
3,045475 76
3,054082 76
3,062503 77
3,071034 77
3,080011 76
3,089193 76
3,097976 77
3,106648 77
3,115866 76
3,124949 76
3,134039 77
3,143029 77
3,15159 78
3,160717 78
3,169309 79
3,17853 79
3,187165 78
3,196468 78
3,209614 79
3,218126 79
3,227192 80
3,236156 80
3,245552 81
3,254896 81
3,26491 82
3,274168 82
3,282382 81
3,291717 81
3,300231 82
3,309767 82
3,317752 81
3,32648 81
3,335448 82
3,344648 82
3,352918 83
3,361466 83
3,369802 82
3,378909 82
3,387074 81
3,395566 81
3,403727 82
3,412821 82
3,421023 81
3,430506 81
3,44055 80
3,45105 80
3,465051 79
3,475433 79
3,48383 78
3,493018 78
3,501398 77
3,510355 77
3,518942 76
3,527719 76
3,536131 77
3,544916 77
3,55371 78
3,562995 78
3,571973 79
3,580818 79
3,589565 80
3,599124 80
3,609151 79
3,619074 79
3,628361 80
3,637131 80
3,645601 81
3,654251 81
3,663476 82
3,673111 82
3,68203 81
3,691492 81
3,700398 80
3,710424 80
3,720248 79
3,732735 79
3,741695 78
3,750604 78
3,760053 77
3,769977 77
3,779224 78
3,787639 78
3,796318 77
3,804915 77
3,813895 78
3,821936 78
3,831093 77
3,839715 77
3,848846 76
3,857743 76
3,866206 77
3,875086 77
3,88391 76
3,892776 76
3,900993 75
3,909715 75
3,918475 74
3,927113 74
3,935383 75
3,944352 75
3,952761 76
3,962011 76
3,970876 77
3,980088 77
3,988377 78
3,99766 78
4,010821 79
4,019147 79
4,027981 80
4,037297 80
4,048528 81
4,058393 81
4,067126 80
4,076287 80
4,086781 79
4,095892 79
4,104136 78
4,112848 78
4,121033 79
4,129966 79
4,138273 78
4,147326 78
4,155665 77
4,16494 77
4,173486 76
4,183713 76
4,192937 75
4,201243 75
4,210681 76
4,219477 76
4,22822 77
4,236579 77
4,245681 76
4,254367 76
4,263646 77
4,272306 77
4,281448 76
4,290424 76
4,302981 77
4,312612 77
4,321209 76
4,330493 76
4,338898 75
4,348289 75
4,356598 74
4,365963 74
4,374938 75
4,383556 75
4,392549 74
4,400916 74
4,409624 73
4,417891 73
4,426363 72
4,434773 72
4,443373 73
4,452911 73
4,462475 72
4,470897 72
4,479434 71
4,487629 71
4,496409 70
4,50522 70
4,514359 69
4,522984 69
4,532094 68
4,541485 68
4,550452 67
4,559967 67
4,568543 66
4,577689 66
4,587347 65
4,59715 65
4,610461 66
4,61908 66
4,627963 67
4,636618 67
4,646147 68
4,655804 68
4,665653 69
4,67527 69
4,68355 70
4,693082 70
4,701653 71
4,712075 71
4,721146 72
4,730026 72
4,738554 71
4,748334 71
4,762808 72
4,771111 72
4,779541 73
4,788071 73
4,796462 72
4,804491 72
4,81335 71
4,821595 71
4,830198 70
4,838929 70
4,848167 69
4,856812 69
4,865673 68
4,874872 68
4,883121 67
4,895679 67
4,907095 68
4,917021 68
4,926228 69
4,935363 69
4,945006 70
4,954055 70
4,963548 71
4,972046 71
4,981256 72
4,990283 72
4,999663 73
5,009003 73
5,017083 72
5,025732 72
5,033976 71
5,042979 71
5,051215 70
5,059947 70
5,068592 71
5,077073 71
5,085642 70
5,094853 70
5,10323 71
5,11191 71
5,120132 70
5,131616 70
5,139909 71
5,149343 71
5,157553 70
5,166917 70
5,176212 69
5,185224 69
5,194561 68
5,203527 68
5,213142 69
5,222174 69
5,232007 68
5,24072 68
5,249869 67
5,259792 67
5,269418 66
5,278984 66
5,287673 65
5,296547 65
5,304715 64
5,313807 64
5,322046 63
5,33089 63
5,340233 64
5,350361 64
5,359346 65
5,367909 65
5,380495 66
5,38916 66
5,398787 65
5,407595 65
5,41724 64
5,426743 64
5,435443 65
5,444302 65
5,453163 66
5,463198 66
5,472665 65
5,482402 65
5,491462 64
5,50141 64
5,510551 63
5,518974 63
5,52791 62
5,536304 62
5,544931 63
5,55405 63
5,563279 62
5,57181 62
5,580954 61
5,590489 61
5,599608 60
5,608603 60
5,616746 59
5,628962 59
5,637311 60
5,646229 60
5,65476 59
5,663607 59
5,672535 58
5,682478 58
5,692311 57
5,701951 57
5,712101 56
5,720854 56
5,729493 57
5,738062 57
5,747753 56
5,756999 56
5,766834 55
5,776526 55
5,785473 56
5,794472 56
5,803074 55
5,812506 55
5,820874 54
5,829956 54
5,838181 53
5,847398 53
5,85549 52
5,86481 52
5,873048 51
5,88223 51
5,894652 50
5,90334 50
5,912642 49
5,921483 49
5,930464 48
5,939617 48
5,949794 47
5,960444 47
5,96993 46
5,978867 46
5,987365 47
5,997001 47
6,005511 46
6,015521 46
6,024188 45
6,034849 45
6,044033 44
6,05288 44
6,061858 43
6,070976 43
6,080116 44
6,089764 44
6,099625 43
6,109333 43
6,117939 42
6,127135 42
6,135881 41
6,145416 41
6,154982 40
6,163977 40
6,173083 39
6,186671 39
6,196364 38
6,207553 38
6,218365 39
6,227688 39
6,235893 40
6,245321 40
6,253894 41
6,264471 41
6,273711 42
6,28326 42
6,293787 43
6,302788 43
6,312089 44
6,320966 44
6,329727 45
6,338606 45
6,347646 46
6,356345 46
6,365414 47
6,374958 47
6,384192 48
6,39401 48
6,402916 49
6,411909 49
6,420427 50
6,429652 50
6,438076 51
6,448067 51
6,456555 52
6,46738 52
6,476861 53
6,488461 53
6,497674 54
6,507334 54
6,517179 55
6,526937 55
6,535599 56
6,544939 56
6,554358 57
6,563319 57
6,572028 58
6,580952 58
6,590205 59
6,600863 59
6,610002 60
6,618891 60
6,627935 61
6,636633 61
6,645494 62
6,654521 62
6,663318 63
6,672177 63
6,680711 64
6,689038 64
6,697519 65
6,705969 65
6,716916 66
6,727427 66
6,736697 65
6,745971 65
6,754856 64
6,763949 64
6,773241 65
6,78232 65
6,790807 66
6,804198 66
6,814104 67
6,822587 67
6,831532 68
6,840443 68
6,849802 69
6,858355 69
6,867844 70
6,877927 70
6,887577 71
6,896515 71
6,904928 70
6,914164 70
6,922772 69
6,931767 69
6,940514 68
6,950089 68
6,960244 67
6,968745 67
6,977371 66
6,985924 66
6,994349 65
7,002752 65
7,011869 66
7,020184 66
7,028944 67
7,037474 67
7,046558 66
7,054992 66
7,063511 67
7,072688 67
7,081978 68
7,091246 68
7,100788 67
7,110193 67
7,122076 66
7,131627 66
7,139797 65
7,149137 65
7,157514 66
7,166765 66
7,176801 67
7,18599 67
7,195294 66
7,204184 66
7,213551 67
7,22227 67
7,230766 68
7,239047 68
7,247859 69
7,256573 69
7,265978 68
7,27489 68
7,283641 67
7,292599 67
7,300927 66
7,310131 66
7,318763 65
7,328902 65
7,337664 64
7,347366 64
7,355716 63
7,364377 63
7,372859 62
7,382475 62
7,391239 63
7,400318 63
7,409375 62
7,418011 62
7,428165 63
7,437645 63
7,447482 64
7,456175 64
7,468805 63
7,481459 63
7,493594 62
7,502008 62
7,511386 61
7,520165 61
7,528977 60
7,537378 60
7,546059 59
7,554333 59
7,563314 60
7,57185 60
7,580536 59
7,589516 59
7,598535 58
7,607745 58
7,616575 57
7,625804 57
7,634507 58
7,643445 58
7,652241 59
7,661481 59
7,671116 58
7,679519 58
7,687723 57
7,700064 57
7,710372 58
7,719778 58
7,729175 59
7,73752 59
7,746289 60
7,755327 60
7,764802 59
7,773942 59
7,783823 60
7,792881 60
7,801157 61
7,810836 61
7,819685 60
7,828787 60
7,837392 59
7,84698 59
7,856075 60
7,865732 60
7,874874 61
7,884851 61
7,894883 60
7,903759 60
7,913144 59
7,922595 59
7,931604 60
7,939878 60
7,948797 61
7,961087 61
7,969784 62
7,979108 62
7,987914 61
7,997225 61
8,005856 60
8,015379 60
8,024258 61
8,034916 61
8,044144 60
8,053362 60
8,062313 59
8,071182 59
8,080076 58
8,089462 58
8,098385 57
8,107824 57
8,117577 58
8,12714 58
8,135614 59
8,145411 59
8,154776 60
8,163528 60
8,171858 61
8,181089 61
8,190012 62
8,198965 62
8,20834 63
8,218054 63
8,23077 64
8,239756 64
8,249371 63
8,258236 63
8,268166 62
8,277161 62
8,285416 61
8,29483 61
8,303593 60
8,312424 60
8,320644 59
8,329674 59
8,33823 60
8,34721 60
8,355391 59
8,364368 59
8,373268 60
8,382654 60
8,391085 61
8,401213 61
8,410936 60
8,419607 60
8,428513 59
8,437014 59
8,44603 58
8,454494 58
8,463642 57
8,471933 57
8,480928 56
8,489437 56
8,50079 55
8,509348 55
8,51832 54
8,527636 54
8,536301 53
8,545645 53
8,554558 54
8,563585 54
8,572222 55
8,581495 55
8,590559 54
8,601101 54
8,612196 55
8,621063 55
8,629944 56
8,638462 56
8,649027 55
8,658493 55
8,669014 54
8,678665 54
8,687601 55
8,697054 55
8,705896 54
8,715755 54
8,725065 53
8,735039 53
8,744507 52
8,753313 52
8,762724 51
8,771635 51
8,780472 50
8,789696 50
8,802708 49
8,81242 49
8,821531 48
8,830595 48
8,83922 47
8,848063 47
8,856337 46
8,865282 46
8,874004 45
8,88348 45
8,892727 44
8,902029 44
8,912613 43
8,921032 43
8,929501 42
8,938217 42
8,947044 43
8,955366 43
8,964249 42
8,972702 42
8,981632 43
8,99028 43
8,999258 42
9,00832 42
9,019314 43
9,029394 43
9,038692 44
9,048412 44
9,058214 45
9,069906 45
9,080105 46
9,090601 46
9,100435 47
9,115173 47
9,124374 48
9,135237 48
9,145496 47
9,155237 47
9,165649 48
9,179178 48
9,18874 49
9,199427 49
9,210081 48
9,221222 48
9,23068 47
9,239859 47
9,249681 46
9,259403 46
9,269825 45
9,279696 45
9,289789 44
9,299191 44
9,308754 45
9,319712 45
9,329224 46
9,33927 46
9,349245 47
9,358675 47
9,369127 48
9,37908 48
9,388264 49
9,397985 49
9,407122 50
9,416693 50
9,426334 51
9,43652 51
9,445978 52
9,455795 52
9,470888 51
9,480352 51
9,490059 52
9,500139 52
9,50964 51
9,519938 51
9,54196 50
9,551548 50
9,560835 49
9,570759 49
9,58073 50
9,590399 50
9,599829 49
9,609303 49
9,619648 50
9,629866 50
9,639219 51
9,648853 51
9,658489 52
9,669622 52
9,679438 53
9,689468 53
9,698982 52
9,713581 52
9,723568 53
9,735071 53
9,744659 52
9,754641 52
9,764309 51
9,77454 51
9,785614 50
9,795729 50
9,805498 49
9,815487 49
9,824848 48
9,83765 48
9,850283 47
9,861799 47
9,874876 46
9,88686 46
9,897549 45
9,90752 45
9,917309 44
9,926079 44
9,935608 43
9,945019 43
9,953756 42
9,963453 42
9,972639 43
9,98139 43
9,989851 44
10,00315 44
10,01288 45
10,02184 45
10,03102 46
10,03956 46
10,04838 47
10,05683 47
10,06618 46
10,07554 46
10,08568 47
10,09556 47
10,104 46
10,11283 46
10,12152 45
10,1307 45
10,13973 44
10,14912 44
10,15782 43
10,16891 43
10,17817 42
10,18767 42
10,19669 43
10,20587 43
10,2156 44
10,22443 44
10,23392 43
10,24288 43
10,25217 42
10,26399 42
10,27697 41
10,28696 41
10,29658 40
10,30539 40
10,31414 41
10,32318 41
10,3319 42
10,34058 42
10,3501 43
10,35882 43
10,36863 44
10,37761 44
10,38671 45
10,39618 45
10,40561 46
10,4157 46
10,42434 47
10,43373 47
10,44226 48
10,4516 48
10,46159 49
10,47168 49
10,48011 50
10,48871 50
10,49795 51
10,50676 51
10,51652 52
10,526 52
10,53499 53
10,54783 53
10,55661 54
10,56603 54
10,57504 55
10,58561 55
10,59492 56
10,60379 56
10,61253 57
10,62152 57
10,63048 58
10,63898 58
10,64857 59
10,65774 59
10,66681 60
10,67546 60
10,68527 59
10,69433 59
10,7029 58
10,71293 58
10,72152 57
10,73112 57
10,74014 58
10,74953 58
10,75823 59
10,76791 59
10,77624 60
10,78608 60
10,79518 61
10,8037 61
10,81263 62
10,8208 62
10,82943 61
10,84147 61
10,85465 62
10,8634 62
10,87244 61
10,88196 61
10,89067 60
10,90051 60
10,91072 59
10,92111 59
10,93019 60
10,93894 60
10,94871 61
10,95902 61
10,96969 62
10,97885 62
10,98787 61
10,99659 61
11,00507 60
11,0139 60
11,02269 59
11,03148 59
11,03993 58
11,0489 58
11,05711 59
11,06603 59
11,07491 60
11,08518 60
11,09846 61
11,10806 61
11,11811 60
11,12788 60
11,13757 59
11,1475 59
11,15755 58
11,16694 58
11,17621 57
11,18575 57
11,19604 58
11,20461 58
11,21361 59
11,22332 59
11,23287 58
11,24209 58
11,25195 59
11,26216 59
11,27093 58
11,27994 58
11,2886 59
11,29748 59
11,30695 60
11,3161 60
11,32465 59
11,33489 59
11,34373 58
11,35304 58
11,36244 57
11,37654 57
11,38616 56
11,39557 56
11,40416 57
11,41306 57
11,42172 58
11,43081 58
11,43955 59
11,44874 59
11,45717 60
11,46643 60
11,47568 59
11,48508 59
11,49402 58
11,50307 58
11,51251 59
11,52122 59
11,53021 58
11,53899 58
11,54865 59
11,55741 59
11,56711 58
11,57567 58
11,58712 59
11,59674 59
11,60524 58
11,61455 58
11,62311 59
11,63261 59
11,64137 58
11,65409 58
11,6633 59
11,67248 59
11,68203 58
11,69139 58
11,70031 57
11,71025 57
11,72005 56
11,72979 56
11,73848 57
11,74752 57
11,75616 56
11,76549 56
11,77419 57
11,78355 57
11,79229 56
11,80227 56
11,8128 57
11,82209 57
11,83138 58
11,83991 58
11,84857 57
11,85689 57
11,866 58
11,87515 58
11,88411 57
11,8928 57
11,90158 56
11,91035 56
11,91985 55
11,92994 55
11,94292 54
11,9538 54
11,96346 53
11,97273 53
11,9816 54
11,9902 54
11,99882 55
12,00744 55
12,01625 56
12,02522 56
12,03466 57
12,04356 57
12,05291 58
12,062 58
12,07084 59
12,08075 59
12,08997 58
12,0986 58
12,10754 59
12,11674 59
12,12591 58
12,13585 58
12,14548 59
12,15515 59
12,16433 58
12,1741 58
12,18312 57
12,19226 57
12,20104 56
12,21088 56
12,22028 55
12,22951 55
12,23792 56
12,24706 56
12,25928 57
12,26935 57
12,27868 58
12,28791 58
12,2976 59
12,30759 59
12,31695 58
12,32586 58
12,33733 57
12,34729 57
12,35572 56
12,36453 56
12,37337 55
12,3823 55
12,39134 54
12,4004 54
12,40987 53
12,41977 53
12,42957 52
12,43852 52
12,44713 51
12,45563 51
12,46433 52
12,47307 52
12,48195 53
12,49072 53
12,50007 52
12,5084 52
12,51732 53
12,52622 53
12,53629 52
12,54515 52
12,55408 51
12,56347 51
12,57228 50
12,5851 50
12,59402 51
12,60381 51
12,61349 50
12,62285 50
12,63181 49
12,64037 49
12,64945 50
12,6577 50
12,66668 51
12,67536 51
12,6848 52
12,69315 52
12,70213 53
12,71194 53
12,72119 54
12,73096 54
12,73962 53
12,7494 53
12,758 54
12,76736 54
12,77691 53
12,78617 53
12,79482 52
12,80373 52
12,81255 51
12,82098 51
12,8298 50
12,83891 50
12,84766 49
12,85587 49
12,86439 48
12,87278 48
12,88173 47
12,89051 47
12,89957 46
12,91253 46
12,92127 45
12,93106 45
12,93957 44
12,9493 44
12,95981 43
12,97144 43
12,98066 42
12,99051 42
12,99969 41
13,00894 40
13,01754 40
13,02707 41
13,0365 41
13,0465 42
13,05612 42
13,06546 43
13,07418 43
13,08378 44
13,0928 44
13,10226 45
13,11127 45
13,12148 46
13,1308 46
13,1402 47
13,14882 47
13,15725 48
13,1664 48
13,17528 49
13,18404 49
13,19298 50
13,20191 50
13,21196 51
13,22142 51
13,23087 52
13,23888 52
13,24794 53
13,25614 53
13,26505 54
13,27742 54
13,28705 55
13,29622 55
13,30548 56
13,31465 56
13,32406 57
13,33405 57
13,34276 56
13,35166 56
13,35985 57
13,36939 57
13,37776 56
13,38775 56
13,39676 55
13,40565 55
13,41451 56
13,42262 56
13,43148 55
13,43969 55
13,44887 54
13,45713 54
13,46658 53
13,47539 53
13,48465 52
13,49354 52
13,5026 53
13,51163 53
13,52098 54
13,53096 54
13,54077 55
13,551 55
13,5604 56
13,57155 56
13,5812 57
13,59024 57
13,59915 58
13,60814 58
13,61749 57
13,62641 57
13,63567 56
13,64459 56
13,65729 55
13,67073 55
13,68055 54
13,68954 54
13,69826 55
13,70698 55
13,71622 56
13,72498 56
13,73473 57
13,74307 57
13,75238 58
13,76125 58
13,77187 59
13,78148 59
13,79065 60
13,79958 60
13,8083 61
13,81729 61
13,82609 60
13,8363 60
13,84569 61
13,85441 61
13,86412 62
13,87286 62
13,88167 63
13,8903 63
13,90364 64
13,9145 64
13,92315 63
13,93278 63
13,94147 64
13,95119 64
13,9611 65
13,97109 65
13,98015 64
13,98879 64
13,99782 65
14,00665 65
14,01677 66
14,02567 66
14,0358 65
14,04534 65
14,05527 64
14,06416 64
14,07292 63
14,08142 63
14,09043 62
14,09947 62
14,10804 61
14,11704 61
14,12555 60
14,13478 60
14,14341 59
14,15314 59
14,16193 58
14,17479 58
14,18433 59
14,1935 59
14,20279 60
14,21291 60
14,22242 61
14,23106 61
14,23932 62
14,24798 62
14,25636 61
14,26475 61
14,27324 60
14,28181 60
14,29026 61
14,29919 61
14,30775 62
14,31687 62
14,32595 63
14,33563 63
14,34411 64
14,35347 65
14,36193 65
14,37138 64
14,38184 64
14,39057 63
14,39976 63
14,40862 64
14,41919 64
14,42825 63
14,43756 63
14,44685 64
14,45854 65
14,46791 65
14,4775 66
14,48794 66
14,49737 65
14,50601 65
14,51526 64
14,52331 64
14,53241 63
14,54062 63
14,54993 62
14,55798 62
14,56684 61
14,57534 61
14,58551 60
14,59487 60
14,60377 59
14,61224 59
14,62177 58
14,63161 58
14,64017 57
14,64901 57
14,65742 56
14,66635 56
14,67511 57
14,68375 57
14,69293 56
14,70176 56
14,7118 55
14,72152 55
14,73123 54
14,73966 54
14,75224 53
14,76089 53
14,77194 54
14,78222 54
14,79109 53
14,8005 53
14,80955 54
14,81938 54
14,82838 55
14,8385 55
14,84809 54
14,85687 54
14,86575 55
14,87443 55
14,88373 56
14,89317 56
14,90257 57
14,91148 57
14,92162 58
14,93165 58
14,94061 59
14,95008 59
14,96007 60
14,96962 60
14,97816 59
14,98765 59
14,99695 60
15,00638 60
15,01615 59
15,02496 59
15,0344 58
15,04302 58
15,05338 57
15,06438 57
15,07853 56
15,09002 56
15,1003 55
15,10953 55
15,11941 54
15,12849 54
15,13955 53
15,14967 53
15,1589 54
15,16862 54
15,18147 53
15,19117 53
15,20023 52
15,2096 52
15,21959 51
15,22879 51
15,24019 52
15,25079 52
15,26012 51
15,27027 51
15,27918 52
15,28964 52
15,29862 51
15,30769 51
15,31687 50
15,32622 50
15,33665 49
15,3479 49
15,35733 48
15,36661 48
15,3766 47
15,38616 47
15,39564 46
15,40502 46
15,41606 47
15,4296 47
15,44026 46
15,44996 46
15,46046 47
15,47087 47
15,48044 46
15,48955 46
15,49995 45
15,50883 45
15,51868 44
15,52881 44
15,54005 43
15,5502 43
15,55968 42
15,56963 42
15,57987 41
15,59168 41
15,60188 40
15,61192 40
15,6238 41
15,63372 41
15,64332 42
15,65281 42
15,66165 43
15,67136 43
15,6811 44
15,69033 44
15,69956 45
15,70983 45
15,71952 46
15,72782 46
15,73746 47
15,74683 47
15,75567 48
15,76581 48
15,77516 49
15,78434 49
15,79332 50
15,80678 50
15,81602 51
15,82579 51
15,83697 50
15,8459 50
15,85595 51
15,86556 51
15,87494 52
15,88463 52
15,89388 51
15,90349 51
15,91255 52
15,92204 52
15,93222 53
15,94066 53
15,94972 54
15,95883 54
15,96856 55
15,97697 55
15,98617 56
15,99533 56
16,00506 57
16,01516 57
16,02428 58
16,03331 58
16,04207 59
16,051 59
16,05941 58
16,06833 58
16,07704 57
16,08746 57
16,09878 56
16,10899 56
16,11874 55
16,12829 55
16,13896 54
16,14931 54
16,15908 53
16,1689 53
16,18258 52
16,19596 52
16,20638 51
16,21727 51
16,22681 52
16,23601 52
16,24506 53
16,25519 53
16,26441 52
16,27344 52
16,28242 51
16,29197 51
16,30135 50
16,31062 50
16,31941 51
16,32855 51
16,33917 50
16,34813 50
16,35641 51
16,36532 51
16,37405 52
16,38262 52
16,39128 53
16,40042 53
16,40943 54
16,41859 54
16,42726 53
16,43656 53
16,44511 52
16,45464 52
16,46456 53
16,47328 53
16,48234 54
16,49107 54
16,50003 55
16,50867 55
16,51732 56
16,52589 56
16,53506 57
16,54421 57
16,55449 58
16,56329 58
16,57676 59
16,58755 59
16,59731 60
16,60604 60
16,61515 61
16,62324 61
16,63264 60
16,64098 60
16,65005 59
16,65897 59
16,66804 58
16,67656 58
16,68582 59
16,69435 59
16,70368 58
16,71332 58
16,72281 57
16,73218 57
16,74074 56
16,74929 56
16,75805 55
16,76669 55
16,77498 54
16,78372 54
16,79276 53
16,80155 53
16,81052 52
16,81983 52
16,82827 51
16,83822 51
16,84827 52
16,8567 52
16,86589 53
16,87458 53
16,88425 52
16,89414 52
16,90417 51
16,91345 51
16,92387 52
16,93346 52
16,94267 53
16,95165 53
16,96111 52
16,97394 52
16,98668 51
16,99576 51
17,00567 52
17,01577 52
17,02458 51
17,03387 51
17,04276 52
17,05233 52
17,06078 53
17,06987 53
17,07828 54
17,08744 54
17,09562 53
17,10525 53
17,11451 52
17,12367 52
17,13272 51
17,14144 51
17,1517 52
17,16241 52
17,17269 53
17,18276 53
17,1917 52
17,20043 52
17,21425 51
17,22308 51
17,23252 52
17,24074 52
17,24922 53
17,25748 53
17,26624 52
17,27443 52
17,28336 51
17,2916 51
17,30013 52
17,30859 52
17,31762 53
17,32588 53
17,33571 54
17,34529 54
17,35429 53
17,36287 53
17,37227 52
17,38115 52
17,39013 53
17,39935 53
17,40833 54
17,41698 54
17,42532 53
17,43382 53
17,44201 52
17,45062 52
17,4598 53
17,46852 53
17,4823 54
17,49133 54
17,50028 53
17,50918 53
17,51804 52
17,52634 52
17,53528 53
17,54348 53
17,55236 52
17,56102 52
17,57003 51
17,57837 51
17,58824 50
17,5966 50
17,60593 49
17,61571 49
17,62477 50
17,63369 50
17,64249 49
17,65171 49
17,66037 50
17,66959 50
17,6782 51
17,68752 51
17,69614 50
17,70539 50
17,71494 51
17,72436 51
17,7336 52
17,74171 52
17,75067 53
17,76336 53
17,77359 54
17,78314 54
17,79165 55
17,80028 55
17,80943 54
17,81867 54
17,82745 55
17,83781 55
17,84705 56
17,85606 56
17,86559 57
17,87436 57
17,88332 58
17,8926 58
17,90187 57
17,9108 57
17,92023 56
17,92926 56
17,93908 55
17,94891 55
17,95793 54
17,96717 54
17,97601 53
17,9854 53
17,99454 52
18,00357 52
18,01248 51
18,02157 51
18,03007 52
18,0391 52
18,04866 51
18,06082 51
18,06951 52
18,07789 52
18,0877 51
18,09669 51
18,10678 52
18,11656 52
18,12521 53
18,13378 53
18,14355 52
18,15252 52
18,16121 51
18,17045 51
18,17951 52
18,19298 52
18,20603 53
18,21861 53
18,23214 52
18,2449 52
18,257 51
18,26765 51
18,2807 52
18,29032 52
18,29939 53
18,30783 53
18,31696 54
18,32636 54
18,33687 53
18,34533 53
18,35481 54
18,36346 54
18,3738 53
18,38345 53
18,39228 52
18,40455 52
18,41316 53
18,42246 53
18,43207 52
18,44082 52
18,45022 53
18,46107 53
18,47096 52
18,47928 52
18,48961 53
18,49862 53
18,5077 54
18,51674 54
18,52552 53
18,53419 53
18,54304 52
18,55231 52
18,5617 51
18,57162 51
18,5802 50
18,59024 50
18,60059 49
18,60989 49
18,61899 48
18,62755 48
18,6369 47
18,64621 47
18,65629 48
18,66565 48
18,67467 49
18,68376 49
18,69338 50
18,7029 50
18,71302 49
18,7224 49
18,73209 48
18,74534 48
18,75491 49
18,7639 49
18,77318 50
18,78287 50
18,79174 51
18,80076 51
18,80957 52
18,81871 52
18,82802 53
18,83816 53
18,84746 52
18,85654 52
18,86639 53
18,87524 53
18,88472 54
18,89408 54
18,9035 53
18,91265 53
18,92236 52
18,93164 52
18,94104 51
18,95031 51
18,96031 50
18,96969 50
18,97842 51
18,98714 51
18,99603 50
19,00522 50
19,01444 49
19,02427 49
19,03389 50
19,04276 50
19,05218 49
19,06082 49
19,07029 50
19,07894 50
19,09445 49
19,10437 49
19,1135 50
19,12312 50
19,13271 51
19,14165 51
19,15098 50
19,15981 50
19,16923 49
19,18093 49
19,19033 48
19,19935 48
19,20819 47
19,23689 47
19,24697 46
19,25763 46
19,2674 45
19,27674 45
19,28617 46
19,29482 46
19,3038 45
19,3127 45
19,32245 44
19,33133 44
19,34072 45
19,35099 45
19,35987 44
19,36889 44
19,37757 45
19,38678 45
19,396 44
19,40558 44
19,41526 43
19,42379 43
19,43366 42
19,4423 42
19,45143 41
19,46142 41
19,4713 40
19,47979 40
19,48959 41
19,49849 41
19,50838 42
19,51719 42
19,5296 43
19,54215 43
19,55387 44
19,56215 44
19,57182 45
19,58047 45
19,59124 46
19,60099 46
19,61013 47
19,61961 47
19,62879 48
19,63871 48
19,64752 47
19,65681 47
19,66702 48
19,6769 48
19,68624 49
19,69548 49
19,70442 50
19,71395 50
19,72329 51
19,73293 51
19,74179 50
19,75056 50
19,75931 51
19,76834 51
19,77713 50
19,78612 50
19,79551 51
19,80468 51
19,81363 50
19,82586 50
19,83618 51
19,84514 51
19,85444 52
19,86253 52
19,87112 53
19,87929 53
19,88875 52
19,89761 52
19,90718 53
19,91579 53
19,92429 52
19,93336 52
19,94157 51
19,95049 51
19,96051 50
19,96939 50
19,97865 49
19,98724 49
19,99566 50
20,00456 50
20,01339 51
20,02201 51
20,03052 52
20,03953 52
20,04885 51
20,05724 51
20,06594 52
20,0749 52
20,08448 51
20,09503 51
20,10366 52
20,112 52
20,12473 53
20,13379 53
20,14205 52
20,15083 52
20,15932 51
20,16811 51
20,17675 50
20,18544 50
20,19385 49
20,20232 49
20,21182 50
20,22071 50
20,22908 51
20,23801 51
20,24771 52
20,25719 52
20,26628 53
20,27503 53
20,28435 52
20,29387 52
20,30363 51
20,31305 51
20,32252 52
20,33177 52
20,341 53
20,35076 53
20,35958 54
20,36816 54
20,37684 55
20,38648 55
20,39498 56
20,40365 56
20,41205 57
20,42046 57
20,43329 58
20,44143 58
20,45067 59
20,46047 59
20,46946 58
20,4779 58
20,48702 57
20,4954 57
20,50487 56
20,51311 56
20,52212 55
20,53079 55
20,54045 54
20,55006 54
20,55848 53
20,5672 53
20,57575 52
20,5857 52
20,59489 53
20,60353 53
20,61193 54
20,62038 54
20,62951 55
20,63846 55
20,64762 54
20,65749 54
20,66666 55
20,67524 55
20,68417 54
20,6934 54
20,70261 55
20,7115 55
20,72043 56
20,72911 56
20,73798 55
20,75183 55
20,76101 54
20,77077 54
20,77923 53
20,78879 53
20,7979 54
20,80771 54
20,81721 55
20,82617 55
20,83654 54
20,84564 54
20,85493 53
20,86343 53
20,87346 54
20,88213 54
20,89211 53
20,90165 53
20,91034 52
20,91997 52
20,92974 53
20,9393 53
20,94825 54
20,95742 54
20,96701 53
20,97563 53
20,98453 54
20,99294 54
21,00141 55
21,01018 55
21,01892 56
21,02906 56
21,03824 57
21,04696 57
21,05632 56
21,06538 56
21,07474 55
21,08374 55
21,09288 54
21,10528 54
21,11452 55
21,1242 55
21,13325 56
21,14173 56
21,15116 57
21,15961 57
21,16843 56
21,17685 56
21,18568 55
21,19422 55
21,20285 56
21,21227 56
21,22162 57
21,23094 57
21,2404 58
21,24985 58
21,25875 57
21,26798 57
21,27664 58
21,28557 58
21,2954 57
21,30419 57
21,31274 58
21,32169 58
21,33209 57
21,34236 57
21,35313 56
21,36215 56
21,37112 55
21,37946 55
21,38828 54
21,39672 54
21,40598 55
21,41483 55
21,42453 56
21,43386 56
21,4429 57
21,4523 57
21,4661 56
21,47571 56
21,4851 55
21,49391 55
21,50309 54
21,51212 54
21,52125 53
21,53018 53
21,53949 54
21,54852 54
21,55917 55
21,56816 55
21,57704 54
21,58669 54
21,59566 53
21,60435 53
21,61329 52
21,6226 52
21,63174 53
21,64196 53
21,65171 52
21,6605 52
21,67006 51
21,67906 51
21,68851 52
21,69744 52
21,7073 51
21,71661 51
21,72602 50
21,73512 50
21,74425 49
21,75357 49
21,76254 48
21,77162 48
21,78052 47
21,79013 47
21,7998 48
21,80964 48
21,8193 49
21,82822 49
21,83834 48
21,84755 48
21,86128 47
21,8701 47
21,87836 48
21,8874 48
21,89643 49
21,90539 49
21,91479 50
21,92384 50
21,93382 51
21,94264 51
21,95199 50
21,96173 50
21,97125 51
21,9803 51
21,98951 50
21,99822 50
22,00811 49
22,01726 49
22,02588 48
22,03557 48
22,04478 47
22,05408 47
22,06305 46
22,07223 46
22,08121 47
22,09229 47
22,10271 48
22,11229 48
22,12175 49
22,13135 49
22,14095 50
22,15564 50
22,17177 51
22,18335 51
22,19372 52
22,20295 52
22,21275 53
22,22218 53
22,23121 52
22,24081 52
22,25005 53
22,2595 53
22,26876 52
22,28084 52
22,29472 51
22,30402 51
22,31287 50
22,32189 50
22,33123 49
22,34098 49
22,35009 48
22,3592 48
22,3696 49
22,37865 49
22,38951 50
22,3992 50
22,40921 51
22,41852 51
22,42821 52
22,43748 52
22,44706 53
22,45626 53
22,46616 52
22,47548 52
22,48547 51
22,49427 51
22,50367 52
22,51232 52
22,52234 53
22,53173 53
22,54137 54
22,55058 54
22,56327 55
22,57273 55
22,58118 56
22,59056 56
22,59985 57
22,60935 57
22,61847 58
22,62762 58
22,63651 57
22,64537 57
22,65495 58
22,66381 58
22,67375 57
22,68225 57
22,69171 56
22,70057 56
22,71101 55
22,72008 55
22,72905 56
22,73788 56
22,74702 57
22,75639 57
22,7655 56
22,77524 56
22,78485 57
22,79362 57
22,80302 58
22,81193 58
22,82082 57
22,83014 57
22,84025 56
22,84894 56
22,85883 57
22,87159 57
22,88066 58
22,88991 58
22,89858 57
22,90794 57
22,91687 56
22,92562 56
22,93468 55
22,94336 55
22,95287 56
22,96201 56
22,97193 57
22,98035 57
22,98972 56
22,99818 56
23,0081 55
23,01797 55
23,02683 56
23,03608 56
23,04522 57
23,05453 57
23,06372 56
23,07301 56
23,08183 57
23,09232 57
23,10197 56
23,11147 56
23,12027 57
23,12882 57
23,13966 56
23,14833 56
23,15746 55
23,16567 55
23,17451 56
23,18401 56
23,19656 57
23,206 57
23,21502 58
23,22397 58
23,23245 57
23,24104 57
23,24945 56
23,2582 56
23,26795 57
23,27649 57
23,28541 56
23,29397 56
23,30293 57
23,31165 57
23,32177 56
23,33121 56
23,34177 55
23,35139 55
23,36015 54
23,36931 54
23,37782 53
23,38659 53
23,39503 52
23,40404 52
23,41344 51
23,42286 51
23,43217 50
23,44181 50
23,45228 49
23,46165 49
23,47185 50
23,4805 50
23,48989 51
23,49856 51
23,50865 52
23,51793 52
23,53051 53
23,54 53
23,54926 54
23,55924 54
23,56835 55
23,57681 55
23,58682 54
23,59553 54
23,60468 53
23,61344 53
23,62292 54
23,63221 54
23,64207 55
23,6517 55
23,6609 54
23,66982 54
23,67877 53
23,68768 53
23,6964 52
23,70571 52
23,71514 51
23,72446 51
23,73333 50
23,74232 50
23,75146 49
23,75984 49
23,76923 48
23,77746 48
23,78616 47
23,7943 47
23,80285 46
23,81096 46
23,81929 47
23,82784 47
23,83779 48
23,84634 48
23,85517 47
23,86326 47
23,87728 46
23,88758 46
23,89741 47
23,90795 47
23,91752 48
23,92878 48
23,93889 49
23,9485 49
23,95819 50
23,96742 50
23,97659 51
23,98583 51
23,99548 52
24,00447 52
24,01308 53
24,02239 53
24,03093 54
24,04029 54
24,04953 53
24,05946 53
24,06995 52
24,07909 52
24,08988 53
24,09904 53
24,10932 54
24,11883 54
24,12766 53
24,13783 53
24,14724 52
24,15617 52
24,16538 51
24,17653 51
24,18633 50
24,19507 50
24,20524 51
24,2153 51
24,22587 50
24,23555 50
24,24406 49
24,25654 49
24,26555 50
24,27545 50
24,28465 49
24,29336 49
24,30427 48
24,31319 48
24,32207 47
24,3308 47
24,34015 46
24,34929 46
24,35837 45
24,36729 45
24,37681 44
24,38651 44
24,39548 43
24,40476 43
24,41404 44
24,4231 44
24,43222 45
24,44197 45
24,45219 46
24,4632 46
24,47289 47
24,48116 47
24,49119 46
24,49933 46
24,50879 47
24,5178 47
24,52726 48
24,53679 48
24,54532 49
24,55443 49
24,56346 48
24,57198 48
24,58044 49
24,59012 49
24,59842 50
24,6075 50
24,61632 51
24,62651 51
24,63653 50
24,64879 50
24,65878 51
24,66723 51
24,67616 52
24,68516 52
24,694 53
24,70319 53
24,71366 54
24,72341 54
24,73184 55
24,74075 55
24,74911 56
24,7585 56
24,76723 57
24,77663 57
24,78612 58
24,79453 58
24,80316 59
24,81159 59
24,81991 58
24,82822 58
24,83763 59
24,84647 59
24,85546 60
24,86372 60
24,87256 61
24,88076 61
24,88962 62
24,89771 62
24,90648 63
24,91474 63
24,92372 62
24,93208 62
24,94193 61
24,95047 61
24,96071 62
24,97003 62
24,9781 63
24,98661 63
24,9948 62
25,00333 62
25,0118 61
25,02069 61
25,03024 62
25,04307 62
25,053 63
25,06114 63
25,06981 64
25,07815 64
25,08684 63
25,09566 63
25,10505 64
25,11428 64
25,12352 65
25,13201 65
25,14145 66
25,14998 66
25,15934 65
25,1681 65
25,17705 64
25,18594 64
25,19453 65
25,20315 65
25,21242 64
25,22116 64
25,22958 65
25,23863 65
25,24705 64
25,25562 64
25,26426 65
25,27293 65
25,28137 64
25,28983 64
25,29804 65
25,30686 65
25,31544 64
25,32453 64
25,33425 63
25,34368 63
25,35353 64
25,36264 64
25,37188 65
25,38033 65
25,38903 66
25,39713 66
25,4065 67
25,41503 67
25,42419 66
25,43283 66
25,44228 65
25,45065 65
25,46474 66
25,47372 66
25,4825 67
25,49217 67
25,50107 66
25,51099 66
25,52039 65
25,52919 65
25,53862 64
25,54701 64
25,55598 65
25,56488 65
25,57427 66
25,58356 66
25,5932 65
25,60198 65
25,61065 66
25,61934 66
25,62759 67
25,63619 67
25,64471 66
25,6534 66
25,66193 65
25,67039 65
25,67872 66
25,68731 66
25,69548 65
25,70408 65
25,71288 64
25,72131 64
25,72948 63
25,73825 63
25,74654 62
25,75503 62
25,76321 63
25,77218 63
25,78141 64
25,79103 64
25,80029 63
25,80987 63
25,81966 62
25,82866 62
25,8378 63
25,84645 63
25,85556 64
25,86379 64
25,87373 63
25,88344 63
25,89669 64
25,91324 64
25,92492 63
25,93486 63
25,94771 62
25,96202 62
25,9733 61
25,98402 61
25,99606 60
26,00895 60
26,01846 59
26,03015 59
26,04012 60
26,04939 60
26,05833 61
26,06717 61
26,07927 60
26,09113 60
26,10054 59
26,11084 59
26,12032 60
26,12848 60
26,13696 61
26,14512 61
26,15444 60
26,16251 60
26,17212 61
26,18168 61
26,19209 62
26,20594 62
26,2162 61
26,22677 61
26,23774 60
26,24704 60
26,25633 59
26,26559 59
26,27555 58
26,28412 58
26,29448 57
26,30384 57
26,31299 56
26,32247 56
26,33096 55
26,33994 55
26,34839 54
26,35703 54
26,36554 55
26,37467 55
26,38342 54
26,39311 54
26,40255 55
26,41123 55
26,42077 54
26,4291 54
26,43804 55
26,44705 55
26,45612 56
26,46462 56
26,47334 57
26,48207 57
26,49125 58
26,49972 58
26,5129 59
26,52155 59
26,53119 60
26,54209 60
26,55305 61
26,56218 61
26,57132 62
26,57954 62
26,58875 63
26,59712 63
26,60625 62
26,61467 62
26,62363 61
26,63232 61
26,64206 62
26,65057 62
26,65962 61
26,66798 61
26,67712 60
26,68631 60
26,69578 61
26,70432 61
26,71434 62
26,72305 62
26,73149 63
26,74015 63
26,74879 62
26,75732 62
26,76604 61
26,7755 61
26,78407 60
26,79325 60
26,80387 61
26,81276 61
26,82527 60
26,83534 60
26,84491 59
26,85419 59
26,86306 58
26,87177 58
26,88104 57
26,89013 57
26,89853 56
26,90743 56
26,91567 55
26,92458 55
26,93326 54
