0,04690647 46
0,1541741 46
0,2635474 46
0,3695128 46
0,4745636 47
0,5783892 47
0,6846428 47
0,7858887 47
0,8499084 46
0,8587346 46
0,8672585 45
0,8760753 45
0,8846912 44
0,8941674 44
0,90242 43
0,9120402 43
0,9210119 44
0,9302454 44
0,9394803 45
0,9480257 44
0,9601612 44
0,9690962 45
0,9779367 45
0,986752 44
0,9957943 45
1,004583 45
1,013229 46
1,022019 46
1,030809 45
1,039785 45
1,048728 44
1,057821 44
1,066639 44
1,075868 43
1,085909 43
1,095499 44
1,104513 44
1,113155 45
1,121549 45
1,130116 46
1,138815 46
1,147724 45
1,157305 45
1,166289 44
1,175258 44
1,187968 43
1,196322 43
1,20549 42
1,214565 42
1,223653 41
1,232555 41
1,241405 40
1,250609 40
1,259679 39
1,268849 39
1,277854 38
1,287831 38
1,29639 39
1,305302 39
1,314251 40
1,322875 40
1,331473 41
1,342215 41
1,356249 42
1,368618 42
1,378212 43
1,388561 43
1,397233 44
1,406958 44
1,415639 45
1,425149 45
1,437993 46
1,446472 46
1,455347 45
1,46382 45
1,472756 46
1,481235 46
1,490019 45
1,498594 45
1,507539 44
1,516161 44
1,525305 43
1,534461 43
1,543876 42
1,55234 42
1,561323 41
1,570632 41
1,579734 40
1,588502 40
1,596829 39
1,606071 39
1,614619 38
1,623325 38
1,632209 39
1,642454 39
1,651448 40
1,661444 40
1,670375 41
1,684161 41
1,694506 42
1,703505 42
1,71339 43
1,723177 43
1,731943 44
1,741618 44
1,750668 45
1,759525 45
1,76876 46
1,778395 46
1,78877 47
1,797633 47
1,806294 48
1,814541 48
1,823381 49
1,832017 49
1,840998 50
1,849664 50
1,858419 51
1,867166 51
1,876231 52
1,884903 52
1,894446 53
1,903064 53
1,913396 54
1,922434 54
1,931238 55
1,940656 55
1,953592 56
1,962908 56
1,971627 57
1,979939 57
1,989077 58
1,997188 58
2,005952 59
2,014782 59
2,023723 60
2,03201 60
2,040856 61
2,04957 61
2,058486 62
2,067831 62
2,076593 63
2,08591 63
2,095163 64
2,104261 64
2,113369 65
2,122065 65
2,130944 66
2,140823 66
2,149776 67
2,158907 67
2,167481 68
2,176428 68
2,185155 69
2,194476 69
2,202724 70
2,211924 70
2,224918 71
2,233902 71
2,242781 72
2,251753 72
2,260962 73
2,2696 73
2,278264 74
2,288184 74
2,296836 75
2,305801 75
2,314372 76
2,322994 76
2,331637 77
2,340373 77
2,349316 78
2,358691 78
2,367445 79
2,376531 79
2,385194 80
2,394558 80
2,403082 81
2,412622 81
2,421805 82
2,430246 82
2,438971 81
2,447372 81
2,456039 80
2,464858 80
2,474155 79
2,483443 79
2,492303 80
2,501271 80
2,513843 79
2,52243 79
2,531498 78
2,540198 78
2,549135 77
2,557862 77
2,566369 76
2,575555 76
2,584228 75
2,593179 75
2,601511 74
2,611371 74
2,619576 73
2,629128 73
2,637516 72
2,647462 72
2,656449 71
2,665167 71
2,674401 70
2,682497 70
2,691813 69
2,700395 69
2,709289 68
2,718257 68
2,727399 69
2,736905 69
2,747358 68
2,756041 68
2,765111 67
2,774113 67
2,78265 66
2,791947 66
2,800478 65
2,812736 65
2,822022 64
2,830921 64
2,83954 63
2,848324 63
2,856954 62
2,865788 62
2,874565 61
2,883036 61
2,892421 60
2,900921 60
2,910921 59
2,919554 59
2,928977 58
2,937519 58
2,947045 59
2,955625 59
2,964079 58
2,972639 58
2,981132 57
2,989993 57
2,998511 56
3,00749 56
3,01607 55
3,025434 55
3,034807 54
3,046027 54
3,055092 53
3,06433 53
3,073572 52
3,083366 52
3,092966 51
3,101473 51
3,111541 50
3,120081 50
3,133254 49
3,14206 49
3,150816 48
3,160575 48
3,16971 47
3,178456 47
3,1869 46
3,19567 46
3,205156 45
3,21378 45
3,222419 44
3,23106 44
3,239279 45
3,24799 45
3,256591 44
3,265341 44
3,274011 43
3,282278 43
3,291445 44
3,299786 44
3,309074 43
3,317921 43
3,327695 42
3,335952 42
3,344919 41
3,354293 41
3,363286 42
3,372689 42
3,381167 41
3,38978 41
3,399058 40
3,408255 40
3,417112 39
3,426954 39
3,435477 40
3,445426 40
3,458952 41
3,467888 41
3,476593 42
3,485623 42
3,494819 43
3,503343 43
3,512414 44
3,521007 44
3,531099 45
3,540156 45
3,548584 46
3,557083 46
3,56618 47
3,574957 47
3,583999 48
3,592798 48
3,600918 49
3,609531 49
3,617742 50
3,627079 50
3,635689 51
3,644993 51
3,653444 52
3,66363 52
3,672894 53
3,681276 53
3,690369 54
3,6991 54
3,708061 55
3,716338 55
3,725315 56
3,733701 56
3,742651 57
3,751226 57
3,761296 56
3,771254 56
3,78029 57
3,789339 57
3,800776 58
3,813375 58
3,822308 59
3,831299 59
3,840568 60
3,849791 60
3,858216 61
3,866893 61
3,875672 60
3,884456 60
3,893195 59
3,901658 59
3,911899 60
3,920415 60
3,929513 59
3,938096 59
3,94714 60
3,956282 60
3,964755 61
3,973808 61
3,982545 62
3,99519 62
4,003839 63
4,012643 63
4,021308 62
4,030616 62
4,039672 61
4,049702 61
4,058972 62
4,067711 62
4,076528 63
4,085382 63
4,094474 64
4,103085 64
4,112334 65
4,120887 65
4,131386 64
4,141019 64
4,14957 65
4,158256 65
4,167169 66
4,176168 66
4,184857 67
4,19446 67
4,203035 66
4,215241 66
4,224308 65
4,232947 65
4,241925 64
4,250893 64
4,259674 63
4,268654 63
4,277152 62
4,285886 62
4,295174 63
4,303906 63
4,312856 62
4,322174 62
4,331142 61
4,339844 61
4,348196 60
4,357058 60
4,365716 61
4,374934 61
4,38335 62
4,392224 62
4,400799 63
4,412188 63
4,42079 62
4,429873 62
4,442565 61
4,45085 61
4,459939 60
4,468796 60
4,477368 61
4,486592 61
4,495473 60
4,504298 60
4,513308 59
4,521842 59
4,531641 58
4,540904 58
4,549681 57
4,558246 57
4,566703 56
4,575082 56
4,584493 55
4,594027 55
4,601997 54
4,611163 54
4,619582 53
4,6288 53
4,637384 52
4,646511 52
4,655042 51
4,664667 51
4,676774 50
4,685127 50
